0 -0.00544
1 -0.00611
2 -0.00683
3 -0.00719
4 -0.00746
5 -0.00732
6 -0.00629
7 -0.00566
8 -0.00508
9 -0.00431
10 -0.0044
11 -0.00566
12 -0.00557
13 -0.00611
14 -0.00701
15 -0.00791
16 -0.00889
17 -0.00952
18 -0.00997
19 -0.01024
20 -0.01029
21 -0.01141
22 -0.01271
23 -0.01294
24 -0.0124
25 -0.01213
26 -0.01123
27 -0.01078
28 -0.00988
29 -0.00889
30 -0.00827
31 -0.00809
32 -0.00732
33 -0.00755
34 -0.00696
35 -0.00687
36 -0.00656
37 -0.00683
38 -0.00584
39 -0.00494
40 -0.00449
41 -0.00503
42 -0.00611
43 -0.00588
44 -0.00548
45 -0.00557
46 -0.00548
47 -0.00584
48 -0.00701
49 -0.00665
50 -0.00719
51 -0.00737
52 -0.00674
53 -0.00782
54 -0.00818
55 -0.00768
56 -0.00773
57 -0.00683
58 -0.00629
59 -0.0062
60 -0.00647
61 -0.00665
62 -0.00701
63 -0.00737
64 -0.00755
65 -0.00701
66 -0.00768
67 -0.00719
68 -0.00777
69 -0.00773
70 -0.00777
71 -0.00872
72 -0.00916
73 -0.00898
74 -0.01006
75 -0.01074
76 -0.01141
77 -0.01249
78 -0.01343
79 -0.01402
80 -0.01294
81 -0.0115
82 -0.00916
83 -0.00746
84 -0.00737
85 -0.00665
86 -0.00791
87 -0.00916
88 -0.00975
89 -0.01096
90 -0.01312
91 -0.01352
92 -0.01379
93 -0.01276
94 -0.01096
95 -0.00975
96 -0.00925
97 -0.00791
98 -0.00571
99 -0.00171
100 0.00252
101 0.00647
102 0.01078
103 0.01482
104 0.0168
105 0.01896
106 0.02093
107 0.02174
108 0.02264
109 0.02291
110 0.02264
111 0.02237
112 0.02228
113 0.02192
114 0.0212
115 0.02048
116 0.02022
117 0.02031
118 0.02044
119 0.02102
120 0.0221
121 0.02358
122 0.0248
123 0.02543
124 0.02731
125 0.02857
126 0.03046
127 0.03145
128 0.03234
129 0.03279
130 0.03315
131 0.03207
132 0.03068
133 0.03023
134 0.031
135 0.02929
136 0.02722
137 0.02448
138 0.02242
139 0.01959
140 0.01752
141 0.01599
142 0.01509
143 0.01348
144 0.0124
145 0.01047
146 0.00863
147 0.00692
148 0.00377
149 0.00216
150 0.0013
151 0.00036
152 0.00072
153 0.00117
154 0.00162
155 0.0018
156 0.00261
157 0.00323
158 0.00332
159 0.00216
160 0.0009
161 0.00072
162 0.00054
163 0.00031
164 -0.00036
165 -0.00126
166 -0.00234
167 -0.00153
168 -0.00126
169 -0.00085
170 -0.00063
171 -0.00009
172 0.00031
173 0.0009
174 0.00072
175 0.00198
176 0.00252
177 0.00288
178 0.00198
179 0.00126
180 0.00018
181 0.00108
182 0.00162
183 0.00144
184 0.00072
185 0.00081
186 0.00162
187 0.00225
188 0.00368
189 0.0044
190 0.00431
191 0.00503
192 0.00467
193 0.00413
194 0.00359
195 0.00337
196 0.00323
197 0.00166
198 0.0009
199 0.00018
200 -0.00117
201 -0.00135
202 -0.00117
203 -0.00085
204 -0.00144
205 -0.00108
206 -0.00135
207 -0.00216
208 -0.00247
209 -0.00337
210	 0.00431
211	 0.00611
212	 0.0088
213	 0.01141
214	 0.01698
215	 0.02462
216	 0.03455
217	 0.04627
218	 0.0611
219	 0.07691
220	 0.09344
221	 0.10898
222	 0.12372
223	 0.13746
224	 0.14892
225	 0.15575
226	 0.15759
227	 0.15579
228	 0.15072
229	 0.14236
230	 0.12807
231	 0.10683
232	 0.0814
233	 0.05301
234	 0.02606
235	 .0018
236	 .02947
237	 .0584
238	 .09038
239	 .12947
240	 .17394
241	 .22524
242	 .28553
243	 .35435
244	 .42802
245	 .50421
246	 .57501
247	 .62928
248	 .66782
249	 .6932
250	 .70116
251	 .6884
252	 .65767
253	 .61311
254	 .55561
255	 .48966
256	 .41922
257	 .34914
258	 .28625
259	 .23198
260	 .18499
261	 .14663
262	 .11734
263	 .09721
264	 .08544
265	 .07745
266	 .07152
267	 .06649
268	 .06127
269	 .05543
270	 .05121
271	 .04816
272	 .04501
273	 .03863
274	 .03082
275	 .02174
276	 .01384
277	 .00692
278	 .00027
279	 0.00674
280	 0.01375
281	 0.01905
282	 0.02269
283	 0.02641
284	 0.02947
285	 0.03199
286	 0.03392
287	 0.03657
288	 0.03747
289	 0.03818
290	 0.03872
291	 0.04025
292	 0.04115
293	 0.04187
294	 0.0434
295	 0.04492
296	 0.04569
297	 0.04609
298	 0.04667
299	 0.04672
300	 0.04708
301	 0.04672
302	 0.04623
303	 0.04708
304	 0.04708
305	 0.04645
306	 0.04636
307	 0.04528
308	 0.04456
309	 0.04402
310	 0.04389
311	 0.04438
312	 0.04488
313	 0.04488
314	 0.04546
315	 0.04618
316	 0.04578
317	 0.04578
318	 0.04596
319	 0.04569
320	 0.0451
321	 0.04411
322	 0.04313
323	 0.04223
324	 0.0416
325	 0.04079
326	 0.03913
327	 0.03738
328	 0.03715
329	 0.0372
330	 0.03729
331	 0.03783
332	 0.03791
333	 0.03693
334	 0.0367
335	 0.03729
336	 0.03791
337	 0.03845
338	 0.03881
339	 0.03917
340	 0.03908
341	 0.03859
342	 0.03872
343	 0.03863
344	 0.03859
345	 0.03791
346	 0.0372
347	 0.03657
348	 0.03612
349	 0.0363
350	 0.03549
351	 0.03432
352	 0.03369
353	 0.03306
354	 0.03288
355	 0.03194
356	 0.03082
357	 0.02929
358	 0.02857
359	 0.02808
360	 0.02767
361	 0.02664
362	 0.02677
363	 0.02588
364	 0.02516
365	 0.02516
366	 0.02462
367	 0.02318
368	 0.02165
369	 0.02062
370	 0.02048
371	 0.02084
372	 0.0221
373	 0.02246
374	 0.02309
375	 0.0221
376	 0.02057
377	 0.0195
378	 0.01905
379	 0.01761
380	 0.01739
381	 0.01667
382	 0.01617
383	 0.01491
384	 0.01438
385	 0.015
386	 0.01572
387	 0.0159
388	 0.015
389	 0.01433
390	 0.01464
391	 0.01433
392	 0.01473
393	 0.01438
394	 0.0142
395	 0.01402
396	 0.0133
397	 0.01294
398	 0.01276
399	 0.01253
400	 0.01204
401	 0.01056
402	 0.01042
403	 0.00912
404	 0.00791
405	 0.00593
406	 0.00449
407	 0.00368
408	 0.00332
409	 0.00216
410	 0.00126
411	 .00031
412	 .00126
413	 .00288
414	 .00431
415	 .00472
416	 .00476
417	 .00503
418	 .00593
419	 .00584
420	 .00584
421	 .00611
422	 .00629
423	 .00683
424	 .00782
425	 .0088
426	 .00975
427	 .0115
428	 .01384
429	 .01563
430	 .01779
431	 .01851
432	 .01887
433	 .02022
434	 .02102
435	 .02192
436	 .02174
437	 .02327
438	 .02426
439	 .02534
440	 .02659
441	 .02794
442	 .02857
443	 .02947
444	 .03037
445	 .03145
446	 .03315
447	 .03522
448	 .03841
449	 .04178
450	 .04519
451	 .04762
452	 .04861
453	 .05081
454	 .05148
455	 .05292
456	 .05499
457	 .05714
458	 .0584
459	 .05822
460	 .05921
461	 .06038
462	 .06217
463	 .06325
464	 .06496
465	 .06729
466	 .07026
467	 .07197
468	 .07385
469	 .07529
470	 .07673
471	 .07835
472	 .07942
473	 .08149
474	 .08275
475	 .08347
476	 .08275
477	 .08266
478	 .08239
479	 .0832
480	 .08428
481	 .08562
482	 .08729
483	 .08787
484	 .08877
485	 .08985
486	 .09021
487	 .09128
488	 .092
489	 .09218
490	 .09187
491	 .09232
492	 .09326
493	 .09308
494	 .09384
495	 .09474
496	 .09506
497	 .09506
498	 .09425
499	 .09542
500	 .09694
501	 .09721
502	 .09685
503	 .09658
504	 .09542
505	 .09461
506	 .09326
507	 .09137
508	 .08958
509	 .0876
510	 .08481
511	 .08113
512	 .07664
513	 .07255
514	 .06828
515	 .06442
516	 .05957
517	 .05391
518	 .04816
519	 .04375
520	 .03935
521	 .03558
522	 .03181
523	 .02731
524	 .02282
525	 .01887
526	 .01527
527	 .0124
528	 .00898
529	 .00593
530	 .0027
531	 0.00103
532	 0.00409
533	 0.00741
534	 0.01042
535	 0.01366
536	 0.01671
537	 0.01977
538	 0.02336
539	 0.0274
540	 0.03109
541	 0.03342
542	 0.03576
543	 0.03791
544	 0.03958
545	 0.0425
546	 0.04456
547	 0.04636
548	 0.04721
549	 0.04901
550	 0.05157
551	 0.0535
552	 0.05499
553	 0.05606
554	 0.05602
555	 0.05624
556	 0.05606
557	 0.0566
558	 0.05723
559	 0.05876
560	 0.05948
561	 0.06056
562	 0.06199
563	 0.06325
564	 0.06397
565	 0.06415
566	 0.06451
567	 0.06631
568	 0.06604
569	 0.0659
570	 0.06631
571	 0.06532
572	 0.06451
573	 0.06361
574	 0.06298
575	 0.06199
576	 0.06092
577	 0.0611
578	 0.06092
579	 0.06118
580	 0.06163
581	 0.06145
582	 0.06172
583	 0.06092
584	 0.06015
585	 0.05993
586	 0.05966
587	 0.0593	
588	 0.05876
589	 0.05795
590	 0.0584	
591	 0.05894
592	 0.06056
593	 0.06136
594	 0.06065
595	 0.05966
596	 0.05966
597	 0.05966
598	 0.0593	
599	 0.05795
600	 0.05678
601	 0.05534
602	 0.05472
603	 0.05463
604	 0.05427
605	 0.05359
606	 0.05301
607	 0.05314
608	 0.05292
609	 0.05292
610	 0.05256
611	 0.05189
612	 0.05085
613	 0.05045
614	 0.05013
615	 0.05022
616	 0.05009
617	 0.05013
618	 0.04995
619	 0.05004
620	 0.04906
621	 0.04924
622	 0.05009
623	 0.04942
624	 0.04744
625	 0.04614
626	 0.04524
627	 0.04438
628	 0.04349
629	 0.04268
630	 0.04295
631	 0.04322
632	 0.04268
633	 0.04259
634	 0.0425	
635	 0.04313
636	 0.04438
637	 0.04456
638	 0.04492
639	 0.04492
640	 0.04456
641	 0.0434	
642	 0.04313
643	 0.04277
644	 0.04187
645	 0.04061
646	 0.03998
647	 0.03931
648	 0.03922
649	 0.03881
650	 0.03845
651	 0.03818
652	 0.03863
653	 0.03774
654	 0.0363	
655	 0.03621
656	 0.03639
657	 0.03648
658	 0.03697
659	 0.03765
660	 0.03774
661	 0.03738
662	 0.03738
663	 0.03769
664	 0.0372	
665	 0.03612
666	 0.03666
667	 0.03639
668	 0.03738
669	 0.03679
670	 0.03648
671	 0.03648
672	 0.03589
673	 0.03369
674	 0.03333
675	 0.03252
676	 0.03145
677	 0.03019
678	 0.02911
679	 0.02785
680	 0.02817
681	 0.02947
682	 0.03055
683	 0.03091
684	 0.03019
685	 0.03055
686	 0.03127
687	 0.02965
688	 0.03001
689	 0.02983
690	 0.02821
691	 0.02767
692	 0.02866
693	 0.02902
694	 0.03001
695	 0.03091
696	 0.03046
697	 0.03019
698	 0.02947
699	 0.02767
700	 0.0265	
701	 0.02677
702	 0.02677
703	 0.02677
704	 0.02695
705	 0.02565
706	 0.02444
707	 0.02394
708	 0.023	
709	 0.02228
710	 0.02318
711	 0.02336
712	 0.02273
713	 0.02228
714	 0.02228
715	 0.02318
716	 0.023	
717	 0.02134
718	 0.02183
719	 0.02156
720	 0.02174
721	 0.02084
722	 0.02084
723	 0.01986
724	 0.01905
725	 0.01896
726	 0.01905
727	 0.0186	
728	 0.01797
729	 0.01725
730	 0.01644
731	 0.01617
732	 0.01572
733	 0.01563
734	 0.01545
735	 0.01581
736	 0.01631
737	 0.01761
738	 0.01801
739	 0.01833
740	 0.01761
741	 0.01635
742	 0.01563
743	 0.01518
744	 0.01509
745	 0.01509
746	 0.01563
747	 0.01545
748	 0.01527
749	 0.01536
750	 0.01563
751	 0.01473
752	 0.0142	
753	 0.01325
754	 0.0124	
755	 0.01132
756	 0.01199
757	 0.0124	
758	 0.01222
759	 0.01285
760	 0.01316
761	 0.01213
762	 0.0111	
763	 0.0106	
764	 0.0106	
765	 0.01096
766	 0.01105
767	 0.01069
768	 0.01006
769	 0.0097	
770	 0.01006
771	 0.01087
772	 0.01119
773	 0.0119	
774	 0.01375
775	 0.01438
776	 0.01491
777	 0.01482
778	 0.01536
779	 0.01527
780	 0.01617
781	 0.01626
782	 0.01473
783	 0.0133	
784	 0.01186
785	 0.01006
786	 0.008	
787	 0.00678
788	 0.00647
789	 0.00629
790	 0.00629
791	 0.00656
792	 0.00746
793	 0.00773
794	 0.00714
795	 0.00791
796	 0.00898
797	 0.01006
798	 0.01168
799	 0.01168
800	 0.0115	
801	 0.01078
802	 0.01078
803	 0.0115	
804	 0.01204
805	 0.01186
806	 0.01078
807	 0.01105
808	 0.01069
809	 0.00979
810	 0.00831
811	 0.00692
812	 0.00575
813	 0.00575
814	 0.00539
815	 0.00548
816	 0.00485
817	 0.00404
818	 0.0044	
819	 0.00467
820	 0.00485
821	 0.00494
822	 0.00467
823	 0.00521
824	 0.00544
825	 0.00544
826	 0.00512
827	 0.00485
828	 0.00548
829	 0.00503
830	 0.00548
831	 0.00602
832	 0.00629
833	 0.00575
834	 0.00467
835	 0.0035	
836	 0.00341
837	 0.00279
838	 0.00323
839	 0.00395
840	 0.00386
841	 0.00445
842	 0.0053	
843	 0.00548
844	 0.00467
845	 0.00485
846	 0.00485
847	 0.00521
848	 0.00557
849	 0.00548
850	 0.00544
851	 0.0058	
852	 0.00732
853	 0.00836
854	 0.00867
855	 0.00898
856	 0.00921
857	 0.00858
858	 0.0075	
859	 0.00782
860	 0.00719
861	 0.0066	
862	 0.00647
863	 0.00562
864	 0.00593
865	 0.0053	
866	 0.00413
867	 0.00323
868	 0.0027	
869	 0.00256
870	 0.00305
871	 0.00261
872	 0.00261
873	 0.00296
874	 0.00332
875	 0.0035	
876	 0.00395
877	 0.00395
878	 0.00391
879	 0.00305
880	 0.00359
881	 0.00314
882	 0.00341
883	 0.00395
884	 0.00332
885	 0.00305
886	 0.00359
887	 0.00395
888	 0.00422
889	 0.00422
890	 0.00467
891	 0.00449
892	 0.00431
893	 0.00512
894	 0.0053	
895	 0.00629
896	 0.00818
897	 0.00952
898	 0.00988
899	 0.00988
900	 0.00952
901	 0.01006
902	 0.01042
903	 0.01123
904	 0.01092
905	 0.0115	
906	 0.01276
907	 0.01343
908	 0.01213
909	 0.01042
910	 0.00845
911	 0.0062	
912	 0.00575
913	 0.00521
914	 0.0053	
915	 0.0044	
916	 0.00463
917	 0.00544
918	 0.00548
919	 0.00602
920	 0.00602
921	 0.00674
922	 0.00719
923	 0.00737
924	 0.00854
925	 0.00898
926	 0.00988
927	 0.01006
928	 0.00961
929	 0.00916
930	 0.0097	
931	 0.01006
932	 0.01042
933	 0.00988
934	 0.00988
935	 0.00943
936	 0.00997
937	 0.01146
938	 0.01141
939	 0.01276
940	 0.01366
941	 0.01402
942	 0.01455
943	 0.01411
944	 0.01321
945	 0.01181
946	 0.01132
947	 0.00966
948	 0.0088	
949	 0.00773
950	 0.00642
951	 0.0053	
952	 0.00611
953	 0.00773
954	 0.00898
955	 0.01024
956	 0.01276
957	 0.0142	
958	 0.0142	
959	 0.01366
960	 0.01285
961	 0.01114
962	 0.00804
963	 0.00445
964	 .00018	
965	 .00449	
966	 .00925	
967	 .0133	
968	 .01698	
969	 .02013	
970	 .02255	
971	 .02435	
972	 .0257	
973	 .02668	
974	 .02713	
975	 .02623	
976	 .02534	
977	 .02426	
978	 .02314	
979	 .023	
980	 .02228	
981	 .02282	
982	 .02444	
983	 .0252	
984	 .02623	
985	 .02713	
986	 .0283	
987	 .02902	
988	 .02947	
989	 .03055	
990	 .03199	
991	 .03324	
992	 .03324	
993	 .03333	
994	 .03243	
995	 .03145	
996	 .02965	
997	 .02857	
998	 .02848	
999	 .02713	
1000 0.02606
1001 0.02367
1002 0.01995
1003 0.01761
1004 0.01545
1005 0.01348
1006 0.01258
1007 0.01074
1008 0.00863
1009 0.00629
1010 0.00485
1011 0.00314
1012 0.0018	
1013 -0.00018
1014 -0.00045
1015 -0.00153
1016 -0.00207
1017 -0.00234
1018 -0.00216
1019 -0.00252
1020 -0.00332
1021 -0.0044
1022 -0.00503
1023 -0.00404
1024 -0.00279
1025 -0.00094
1026 0.00045
1027 0.00126
1028 0.0009	
1029 0.00139
1030 0.00072
1031 -0.00036
1032 -0.00018
1033 -0.00045
1034 -0.00013
1035 -4e-05	
1036 0.0	
1037 -0.00018
1038 -0.00108
1039 -0.00166
1040 -0.00198
1041 -0.00216
1042 -0.00341
1043 -0.00467
1044 -0.00467
1045 -0.00386
1046 -0.00377
1047 -0.00395
1048 -0.00431
1049 -0.00449
1050 -0.00494
1051 -0.00458
1052 -0.00445
1053 -0.00508
1054 -0.00593
1055 -0.00728
1056 -0.00755
1057 -0.00845
1058 -0.00827
1059 -0.00822
1060 -0.00764
1061 -0.00719
1062 -0.00773
1063 -0.00746
1064 -0.00719
1065 -0.00719
1066 -0.00791
1067 -0.00809
1068 -0.00773
1069 -0.00759
1070 -0.00809
1071 -0.0106
1072 -0.01249
1073 -0.01411
1074 -0.01545
1075 -0.01743
1076 -0.02013
1077 -0.02318
1078 -0.02776
1079 -0.03504
1080 -0.04465
1081 -0.05732
1082 -0.07188
1083 -0.0876
1084 -0.10404
1085 -0.12111
1086 -0.13683
1087 -0.15049
1088 -0.16145
1089 -0.16936
1090 -0.17457
1091 -0.1752
1092 -0.17143
1093 -0.16154
1094 -0.14681
1095 -0.12628
1096 -0.10108
1097 -0.07313
1098 -0.04573
1099 -0.01747
1100 0.01312
1101 0.04452
1102 0.07799
1103 0.11428
1104 0.15489
1105 0.2026
1106 0.25876
1107 0.32398
1108 0.39748
1109 0.47313
1110 0.54491
1111 0.60628
1112 0.65426
1113 0.68867
1114 0.70511
1115 0.69936
1116 0.67187
1117 0.63036
1118 0.57573
1119 0.50853
1120 0.43234
1121 0.35453
1122 0.28427
1123 0.22282
1124 0.17178
1125 0.13064
1126 0.09497
1127 0.06846
1128 0.05094
1129 0.03854
1130 0.03037
1131 0.02498
1132 0.0212	
1133 0.01797
1134 0.01455
1135 0.01285
1136 0.01294
1137 0.01258
1138 0.0097	
1139 0.00382
1140 -0.00472
1141 -0.01357
1142 -0.02013
1143 -0.02493
1144 -0.02983
1145 -0.03396
1146 -0.03684
1147 -0.03967
1148 -0.04052
1149 -0.04178
1150 -0.04169
1151 -0.04223
1152 -0.04326
1153 -0.04349
1154 -0.04331
1155 -0.04295
1156 -0.04254
1157 -0.04232
1158 -0.04277
1159 -0.04366
1160 -0.04389
1161 -0.04416
1162 -0.0434
1163 -0.04402
1164 -0.0442
1165 -0.04438
1166 -0.0451
1167 -0.04569
1168 -0.04519
1169 -0.04569
1170 -0.04492
1171 -0.04474
1172 -0.04483
1173 -0.0451
1174 -0.04582
1175 -0.04717
1176 -0.04703
1177 -0.04726
1178 -0.04789
1179 -0.04771
1180 -0.04744
1181 -0.04708
1182 -0.04726
1183 -0.04636
1184 -0.04492
1185 -0.04438
1186 -0.04331
1187 -0.04169
1188 -0.04106
1189 -0.03881
1190 -0.038	
1191 -0.0372
1192 -0.0358
1193 -0.03594
1194 -0.03612
1195 -0.0354
1196 -0.03594
1197 -0.03594
1198 -0.03612
1199 -0.0363
1200 -0.03571
1201 -0.03396
1202 -0.03342
1203 -0.03324
1204 -0.03288
1205 -0.03311
1206 -0.03333
1207 -0.03199
1208 -0.03163
1209 -0.03091
1210 -0.03037
1211 -0.03014
1212 -0.03019
1213 -0.02803
1214 -0.02623
1215 -0.02435
1216 -0.02318
1217 -0.02269
1218 -0.02219
1219 -0.02242
1220 -0.02192
1221 -0.0212
1222 -0.02192
1223 -0.02269
1224 -0.02372
1225 -0.02269
1226 -0.02201
1227 -0.02102
1228 -0.01882
1229 -0.01765
1230 -0.01577
1231 -0.01339
1232 -0.01222
1233 -0.01186
1234 -0.01164
1235 -0.01123
1236 -0.01096
1237 -0.01096
1238 -0.0111
1239 -0.01119
1240 -0.01042
1241 -0.01042
1242 -0.01006
1243 -0.00952
1244 -0.00934
1245 -0.00907
1246 -0.00795
1247 -0.00827
1248 -0.00764
1249 -0.00782
1250 -0.00701
1251 -0.00503
1252 -0.00377
1253 -0.00261
1254 -0.0027
1255 -0.0027
1256 -0.00261
1257 -0.00108
1258 0.00027
1259 0.00162
1260 0.00252
1261 0.00323
1262 0.00319
1263 0.00256
1264 0.00216
1265 0.00162
1266 0.00126
1267 0.00225
1268 0.00261
1269 0.00252
1270 0.00288
1271 0.00413
1272 0.00476
1273 0.0053	
1274 0.00638
1275 0.00746
1276 0.00854
1277 0.00934
1278 0.01168
1279 0.01321
1280 0.01509
1281 0.01599
1282 0.01707
1283 0.01824
1284 0.01905
1285 0.01995
1286 0.02152
1287 0.02188
1288 0.02174
1289 0.02251
1290 0.02331
1291 0.02408
1292 0.0248	
1293 0.02606
1294 0.02731
1295 0.02848
1296 0.03001
1297 0.03073
1298 0.03163
1299 0.03306
1300 0.03455
1301 0.03522
1302 0.03684
1303 0.03863
1304 0.0398	
1305 0.04088
1306 0.04344
1307 0.04546
1308 0.04798
1309 0.05013
1310 0.05202
1311 0.05373
1312 0.05521
1313 0.05696
1314 0.0575	
1315 0.05804
1316 0.05948
1317 0.06127
1318 0.06316
1319 0.06379
1320 0.06586
1321 0.06667
1322 0.06828
1323 0.0699	
1324 0.07107
1325 0.07313
1326 0.07547
1327 0.07844
1328 0.08086
1329 0.08176
1330 0.08365
1331 0.08517
1332 0.08751
1333 0.08868
1334 0.09101
1335 0.09232
1336 0.09366
1337 0.09425
1338 0.0947	
1339 0.09658
1340 0.09807
1341 0.09991
1342 0.10121
1343 0.10224
1344 0.10314
1345 0.10386
1346 0.10584
1347 0.10728
1348 0.10907
1349 0.11024
1350 0.11069
1351 0.11141
1352 0.11114
1353 0.11069
1354 0.10997
1355 0.10979
1356 0.11015
1357 0.11087
1358 0.11123
1359 0.11177
1360 0.11141
1361 0.10925
1362 0.10876
1363 0.1071	
1364 0.10548
1365 0.10355
1366 0.10206
1367 0.09955
1368 0.09856
1369 0.09636
1370 0.0947	
1371 0.09232
1372 0.08985
1373 0.08715
1374 0.08257
1375 0.07781
1376 0.07331
1377 0.06801
1378 0.06235
1379 0.05732
1380 0.05382
1381 0.0495	
1382 0.04587
1383 0.04187
1384 0.03791
1385 0.03288
1386 0.02821
1387 0.02399
1388 0.01995
1389 0.01635
1390 0.01276
1391 0.00943
1392 0.00602
1393 0.00341
1394 0.00094
1395 -0.00216
1396 -0.00629
1397 -0.00997
1398 -0.0142
1399 -0.01833
1400 -0.02228
1401 -0.02516
1402 -0.02776
1403 -0.02987
1404 -0.03338
1405 -0.03733
1406 -0.04079
1407 -0.04416
1408 -0.04555
1409 -0.0469
1410 -0.04879
1411 -0.05031
1412 -0.05211
1413 -0.05301
1414 -0.05427
1415 -0.05534
1416 -0.05642
1417 -0.05804
1418 -0.06029
1419 -0.06118
1420 -0.06163
1421 -0.06208
1422 -0.06271
1423 -0.06235
1424 -0.0611
1425 -0.06118
1426 -0.06087
1427 -0.06172
1428 -0.06298
1429 -0.06406
1430 -0.06487
1431 -0.06631
1432 -0.0672
1433 -0.0672
1434 -0.06738
1435 -0.06711
1436 -0.06725
1437 -0.06711
1438 -0.06613
1439 -0.06685
1440 -0.06711
1441 -0.06747
1442 -0.06882
1443 -0.06891
1444 -0.06918
1445 -0.06909
1446 -0.0681
1447 -0.06738
1448 -0.06667
1449 -0.06568
1450 -0.06559
1451 -0.065	
1452 -0.06469
1453 -0.06487
1454 -0.06532
1455 -0.06478
1456 -0.06415
1457 -0.06469
1458 -0.06523
1459 -0.06523
1460 -0.06622
1461 -0.0664
1462 -0.06608
1463 -0.06451
1464 -0.06343
1465 -0.06388
1466 -0.06464
1467 -0.06446
1468 -0.06393
1469 -0.06294
1470 -0.06163
1471 -0.0606
1472 -0.06047
1473 -0.05984
1474 -0.05993
1475 -0.0593
1476 -0.06002
1477 -0.05907
1478 -0.05858
1479 -0.05633
1480 -0.05517
1481 -0.05422
1482 -0.05454
1483 -0.05422
1484 -0.05355
1485 -0.05247
1486 -0.05085
1487 -0.05013
1488 -0.04861
1489 -0.04834
1490 -0.04843
1491 -0.04834
1492 -0.04852
1493 -0.04771
1494 -0.04703
1495 -0.04667
1496 -0.046	
1497 -0.04573
1498 -0.04708
1499 -0.04762
1500 -0.04708
1501 -0.04721
1502 -0.04699
1503 -0.0478
1504 -0.04807
1505 -0.04852
1506 -0.04816
1507 -0.04807
1508 -0.04708
1509 -0.04524
1510 -0.04384
1511 -0.04331
1512 -0.04205
1513 -0.0416
1514 -0.04115
1515 -0.04097
1516 -0.0407
1517 -0.0398
1518 -0.03917
1519 -0.03765
1520 -0.03711
1521 -0.03585
1522 -0.03562
1523 -0.03504
1524 -0.03576
1525 -0.03648
1526 -0.03697
1527 -0.03765
1528 -0.0372
1529 -0.0363
1530 -0.03567
1531 -0.0341
1532 -0.03252
1533 -0.03181
1534 -0.03037
1535 -0.02938
1536 -0.02947
1537 -0.02983
1538 -0.03082
1539 -0.03154
1540 -0.03176
1541 -0.03131
1542 -0.03127
1543 -0.02956
1544 -0.02866
1545 -0.02731
1546 -0.02615
1547 -0.02547
1548 -0.02498
1549 -0.02457
1550 -0.0239
1551 -0.02417
1552 -0.02309
1553 -0.02206
1554 -0.02134
1555 -0.02075
1556 -0.02075
1557 -0.02093
1558 -0.02066
1559 -0.0212
1560 -0.02111
1561 -0.02273
1562 -0.02372
1563 -0.02318
1564 -0.023	
1565 -0.02269
1566 -0.02269
1567 -0.023	
1568 -0.02228
1569 -0.0221
1570 -0.02138
1571 -0.02048
1572 -0.02057
1573 -0.02004
1574 -0.01959
1575 -0.02039
1576 -0.02102
1577 -0.0221
1578 -0.02269
1579 -0.02201
1580 -0.02138
1581 -0.02098
1582 -0.02066
1583 -0.01981
1584 -0.01936
1585 -0.01887
1586 -0.01923
1587 -0.01941
1588 -0.01923
1589 -0.01815
1590 -0.01608
1591 -0.01527
1592 -0.01438
1593 -0.01348
1594 -0.01375
1595 -0.01276
1596 -0.01258
1597 -0.01213
1598 -0.01168
1599 -0.0115
1600 -0.0106
1601 -0.01078
1602 -0.01042
1603 -0.01069
1604 -0.01096
1605 -0.0106
1606 -0.01042
1607 -0.01015
1608 -0.01078
1609 -0.01078
1610 -0.00979
1611 -0.00898
1612 -0.00755
1613 -0.00696
1614 -0.00611
1615 -0.00566
1616 -0.00683
1617 -0.00827
1618 -0.00948
1619 -0.00979
1620 -0.00988
1621 -0.00894
1622 -0.00827
1623 -0.00836
1624 -0.00898
1625 -0.00943
1626 -0.00966
1627 -0.00782
1628 -0.0062
1629 -0.00503
1630 -0.00544
1631 -0.00503
1632 -0.00521
1633 -0.00458
1634 -0.00359
1635 -0.00332
1636 -0.00319
1637 -0.00413
1638 -0.00476
1639 -0.00588
1640 -0.00606
1641 -0.00629
1642 -0.00629
1643 -0.00683
1644 -0.00611
1645 -0.0066
1646 -0.00768
1647 -0.00827
1648 -0.00845
1649 -0.00827
1650 -0.00737
1651 -0.00674
1652 -0.00611
1653 -0.00544
1654 -0.00557
1655 -0.00557
1656 -0.00544
1657 -0.00665
1658 -0.00755
1659 -0.00755
1660 -0.00737
1661 -0.00818
1662 -0.00764
1663 -0.00562
1664 -0.00539
1665 -0.00539
1666 -0.00503
1667 -0.00409
1668 -0.0044
1669 -0.00467
1670 -0.00449
1671 -0.00377
1672 -0.00404
1673 -0.00521
1674 -0.00602
1675 -0.00602
1676 -0.00548
1677 -0.00562
1678 -0.00557
1679 -0.00544
1680 -0.00386
1681 -0.0027
1682 -0.00193
1683 -0.00117
1684 -0.0009
1685 -0.00072
1686 -0.00135
1687 -0.00117
1688 -0.00108
1689 -0.00063
1690 -0.00162
1691 -0.00216
1692 -0.00234
1693 -0.00279
1694 -0.00341
1695 -0.00395
1696 -0.00368
1697 -0.00359
1698 -0.00279
1699 -0.00225
1700 -0.0018
1701 -0.00139
1702 -0.00126
1703 -0.00072
1704 -0.00099
1705 -0.00157
1706 -0.00247
1707 -0.00305
1708 -0.00234
1709 -0.00135
1710 -0.00072
1711 -0.00027
1712 0.00117
1713 0.00234
1714 0.00305
1715 0.00305
1716 0.0027	
1717 0.0031	
1718 0.00377
1719 0.00449
1720 0.00512
1721 0.00566
1722 0.00557
1723 0.00521
1724 0.00521
1725 0.0062	
1726 0.00575
1727 0.00548
1728 0.00629
1729 0.00606
1730 0.00683
1731 0.00656
1732 0.0071	
1733 0.00615
1734 0.00548
1735 0.00503
1736 0.00413
1737 0.00288
1738 0.00148
1739 0.00031
1740 -4e-05	
1741 -0.00216
1742 -0.0035
1743 -0.00449
1744 -0.00593
1745 -0.00647
1746 -0.00588
1747 -0.00575
1748 -0.00503
1749 -0.00368
1750 -0.00323
1751 -0.00359
1752 -0.00395
1753 -0.00395
1754 -0.00391
1755 -0.00364
1756 -0.00472
1757 -0.00593
1758 -0.00723
1759 -0.00898
1760 -0.0097
1761 -0.01069
1762 -0.01105
1763 -0.01168
1764 -0.01258
1765 -0.0115
1766 -0.01006
1767 -0.00934
1768 -0.00863
1769 -0.00872
1770 -0.00952
1771 -0.00952
1772 -0.01033
1773 -0.01114
1774 -0.01321
1775 -0.01464
1776 -0.01572
1777 -0.01649
1778 -0.01491
1779 -0.01294
1780 -0.01042
1781 -0.00696
1782 -0.00391
1783 -0.00018
1784 0.00314
1785 0.00791
1786 0.01276
1787 0.01698
1788 0.01995
1789 0.0212	
1790 0.02305
1791 0.02444
1792 0.02435
1793 0.02462
1794 0.02426
1795 0.02237
1796 0.02039
1797 0.01873
1798 0.01797
1799 0.01756
1800 0.01788
1801 0.01869
1802 0.01837
1803 0.01905
1804 0.02013
1805 0.02084
1806 0.02165
1807 0.02309
1808 0.02399
1809 0.02363
1810 0.0243	
1811 0.02498
1812 0.02677
1813 0.02713
1814 0.02592
1815 0.02435
1816 0.02291
1817 0.02165
1818 0.02022
1819 0.019	
1820 0.01743
1821 0.01563
1822 0.01384
1823 0.01312
1824 0.01262
1825 0.01159
1826 0.01006
1827 0.00845
1828 0.00647
1829 0.00467
1830 0.00207
1831 0.00031
1832 -0.00103
1833 -0.00198
1834 -0.00211
1835 -0.00243
1836 -0.00234
1837 -0.00234
1838 -0.00252
1839 -0.00283
1840 -0.00413
1841 -0.00449
1842 -0.00544
1843 -0.00606
1844 -0.00629
1845 -0.00692
1846 -0.00818
1847 -0.00827
1848 -0.00943
1849 -0.00975
1850 -0.01024
1851 -0.01078
1852 -0.0106
1853 -0.00988
1854 -0.00961
1855 -0.00988
1856 -0.00916
1857 -0.00863
1858 -0.00898
1859 -0.00889
1860 -0.00952
1861 -0.00925
1862 -0.01006
1863 -0.00988
1864 -0.0102
1865 -0.01078
1866 -0.01213
1867 -0.01258
1868 -0.01312
1869 -0.01379
1870 -0.01366
1871 -0.01312
1872 -0.01123
1873 -0.00988
1874 -0.00952
1875 -0.0088
1876 -0.00759
1877 -0.00719
1878 -0.00746
1879 -0.00773
1880 -0.00782
1881 -0.0088
1882 -0.00984
1883 -0.01051
1884 -0.01078
1885 -0.01096
1886 -0.01119
1887 -0.01096
1888 -0.01078
1889 -0.01186
1890 -0.01271
1891 -0.0133
1892 -0.01473
1893 -0.01671
1894 -0.01851
1895 -0.02165
1896 -0.02588
1897 -0.03037
1898 -0.03809
1899 -0.04834
1900 -0.06056
1901 -0.07385
1902 -0.08967
1903 -0.10615
1904 -0.12156
1905 -0.13612
1906 -0.14896
1907 -0.15993
1908 -0.1663
1909 -0.16855
1910 -0.16711
1911 -0.16091
1912 -0.15112
1913 -0.13522
1914 -0.11361
1915 -0.08661
1916 -0.05777
1917 -0.03019
1918 -0.00108
1919 0.02695
1920 0.05638
1921 0.08985
1922 0.13091
1923 0.17771
1924 0.23144
1925 0.29415
1926 0.3637	
1927 0.43719
1928 0.51266
1929 0.58202
1930 0.63665
1931 0.6769	
1932 0.70259
1933 0.70821
1934 0.69181
1935 0.65884
1936 0.61113
1937 0.55004
1938 0.47816
1939 0.40107
1940 0.32677
1941 0.25992
1942 0.20444
1943 0.15741
1944 0.11828
1945 0.08913
1946 0.0699	
1947 0.0575	
1948 0.05	
1949 0.04295
1950 0.0372	
1951 0.03145
1952 0.02623
1953 0.02138
1954 0.01743
1955 0.01384
1956 0.00791
1957 0.00031
1958 -0.00872
1959 -0.01725
1960 -0.02435
1961 -0.03073
1962 -0.03684
1963 -0.0425
1964 -0.0478
1965 -0.05103
1966 -0.05337
1967 -0.05579
1968 -0.05768
1969 -0.05921
1970 -0.06002
1971 -0.06074
1972 -0.0611
1973 -0.0611
1974 -0.06029
1975 -0.06002
1976 -0.06029
1977 -0.06011
1978 -0.06047
1979 -0.06083
1980 -0.06195
1981 -0.06298
1982 -0.06397
1983 -0.06469
1984 -0.06541
1985 -0.06595
1986 -0.06631
1987 -0.06568
1988 -0.06608
1989 -0.06613
1990 -0.06613
1991 -0.06649
1992 -0.06626
1993 -0.06568
1994 -0.06469
1995 -0.06415
1996 -0.06388
1997 -0.06388
1998 -0.06428
1999 -0.06339
2000 -0.06343
2001 -0.06343
2002 -0.06271
2003 -0.06163
2004 -0.0611
2005 -0.06038
2006 -0.06006
2007 -0.05966
2008 -0.05894
2009 -0.05795
2010 -0.05768
2011 -0.05696
2012 -0.05714
2013 -0.05656
2014 -0.05633
2015 -0.05534
2016 -0.05391
2017 -0.05364
2018 -0.05319
2019 -0.05229
2020 -0.05148
2021 -0.05049
2022 -0.04977
2023 -0.04852
2024 -0.04618
2025 -0.04474
2026 -0.04349
2027 -0.04349
2028 -0.04205
2029 -0.04097
2030 -0.04007
2031 -0.03836
2032 -0.03729
2033 -0.03702
2034 -0.0363
2035 -0.03522
2036 -0.03499
2037 -0.03414
2038 -0.03405
2039 -0.03324
2040 -0.0319
2041 -0.03234
2042 -0.03216
2043 -0.03216
2044 -0.03131
2045 -0.03109
2046 -0.03109
2047 -0.03001
2048 -0.02844
2049 -0.02637
2050 -0.02444
2051 -0.02417
2052 -0.02435
2053 -0.0248
2054 -0.02444
2055 -0.0239
2056 -0.02426
2057 -0.02543
2058 -0.02588
2059 -0.02677
2060 -0.02606
2061 -0.02606
2062 -0.02471
2063 -0.02426
2064 -0.0239
2065 -0.023	
2066 -0.02291
2067 -0.02408
2068 -0.02417
2069 -0.02453
2070 -0.02327
2071 -0.02192
2072 -0.02192
2073 -0.02192
2074 -0.02192
2075 -0.02174
2076 -0.02084
2077 -0.01995
2078 -0.01905
2079 -0.01788
2080 -0.01689
2081 -0.01563
2082 -0.01464
2083 -0.01307
2084 -0.01141
2085 -0.00889
2086 -0.00791
2087 -0.00701
2088 -0.00593
2089 -0.00413
2090 -0.00252
2091 -0.00198
2092 -0.00126
2093 -0.00063
2094 4e-05	
2095 0.00018
2096 0.00072
2097 0.00072
2098 -0.00054
2099 -0.00036
2100 -0.00054
2101 0.0	
2102 0.00031
2103 0.00054
2104 0.00072
2105 0.0	
2106 0.00126
2107 0.00198
2108 0.00279
2109 0.00413
2110 0.00521
2111 0.00647
2112 0.00845
2113 0.01038
2114 0.01222
2115 0.01289
2116 0.01334
2117 0.01348
2118 0.01518
2119 0.01689
2120 0.01833
2121 0.0195	
2122 0.0212	
2123 0.02269
2124 0.02381
2125 0.02426
2126 0.02516
2127 0.02821
2128 0.03037
2129 0.03297
2130 0.03522
2131 0.03791
2132 0.04079
2133 0.04277
2134 0.0447	
2135 0.04627
2136 0.04798
2137 0.04919
2138 0.05085
2139 0.05337
2140 0.05499
2141 0.05624
2142 0.05768
2143 0.05898
2144 0.06083
2145 0.06325
2146 0.06478
2147 0.06613
2148 0.06658
2149 0.0672	
2150 0.06756
2151 0.069	
2152 0.07134
2153 0.07331
2154 0.07475
2155 0.07767
2156 0.07987
2157 0.08122
2158 0.08275
2159 0.08392
2160 0.08499
2161 0.08553
2162 0.08634
2163 0.08589
2164 0.08544
2165 0.08499
2166 0.08598
2167 0.08715
2168 0.08886
2169 0.08985
2170 0.09173
2171 0.09362
2172 0.09524
2173 0.09649
2174 0.09775
2175 0.09901
2176 0.09991
2177 0.10018
2178 0.10045
2179 0.10094
2180 0.10081
2181 0.10108
2182 0.10063
2183 0.09946
2184 0.09766
2185 0.09613
2186 0.09434
2187 0.09263
2188 0.08985
2189 0.08778
2190 0.08571
2191 0.08338
2192 0.07987
2193 0.07641
2194 0.07331
2195 0.07035
2196 0.06738
2197 0.06505
2198 0.06199
2199 0.05768
2200 0.05346
2201 0.04852
2202 0.04411
2203 0.0394	
2204 0.03562
2205 0.03127
2206 0.02637
2207 0.02084
2208 0.0173	
2209 0.01393
2210 0.01029
2211 0.00746
2212 0.00463
2213 0.00216
2214 -0.0018
2215 -0.00494
2216 -0.00719
2217 -0.01024
2218 -0.01294
2219 -0.01527
2220 -0.01815
2221 -0.02008
2222 -0.02183
2223 -0.02426
2224 -0.0265
2225 -0.0283
2226 -0.02942
2227 -0.03091
2228 -0.03234
2229 -0.03324
2230 -0.03432
2231 -0.03652
2232 -0.03935
2233 -0.04169
2234 -0.04402
2235 -0.04681
2236 -0.04726
2237 -0.0487
2238 -0.04897
2239 -0.04977
2240 -0.05013
2241 -0.05049
2242 -0.05067
2243 -0.05085
2244 -0.05193
2245 -0.05247
2246 -0.05229
2247 -0.05247
2248 -0.05238
2249 -0.05265
2250 -0.05364
2251 -0.05332
2252 -0.05346
2253 -0.05337
2254 -0.05265
2255 -0.05278
2256 -0.05314
2257 -0.0531
2258 -0.05323
2259 -0.05427
2260 -0.05418
2261 -0.05391
2262 -0.05301
2263 -0.05265
2264 -0.05175
2265 -0.05067
2266 -0.04995
2267 -0.04959
2268 -0.0478
2269 -0.0469
2270 -0.04546
2271 -0.04456
2272 -0.04416
2273 -0.04438
2274 -0.04528
2275 -0.0451
2276 -0.04569
2277 -0.04537
2278 -0.046	
2279 -0.046	
2280 -0.04492
2281 -0.04402
2282 -0.04254
2283 -0.04187
2284 -0.04259
2285 -0.04313
2286 -0.0434
2287 -0.04438
2288 -0.04501
2289 -0.04519
2290 -0.04528
2291 -0.0438
2292 -0.04205
2293 -0.04007
2294 -0.03917
2295 -0.03783
2296 -0.03648
2297 -0.03468
2298 -0.03306
2299 -0.03225
2300 -0.03252
2301 -0.03266
2302 -0.03306
2303 -0.0336
2304 -0.03414
2305 -0.03414
2306 -0.03338
2307 -0.03369
2308 -0.0345
2309 -0.03441
2310 -0.0336
2311 -0.03284
2312 -0.03181
2313 -0.03176
2314 -0.03225
2315 -0.0327
2316 -0.03333
2317 -0.03342
2318 -0.03297
2319 -0.03194
2320 -0.03136
2321 -0.03091
2322 -0.031	
2323 -0.0319
2324 -0.03252
2325 -0.03302
2326 -0.03311
2327 -0.03432
2328 -0.03513
2329 -0.03531
2330 -0.0336
2331 -0.03288
2332 -0.03216
2333 -0.03288
2334 -0.03257
2335 -0.03288
2336 -0.03342
2337 -0.03275
2338 -0.03234
2339 -0.03176
2340 -0.03046
2341 -0.03037
2342 -0.02938
2343 -0.02857
2344 -0.02812
2345 -0.02659
2346 -0.02534
2347 -0.02354
2348 -0.02336
2349 -0.02372
2350 -0.02421
2351 -0.02417
2352 -0.02381
2353 -0.02363
2354 -0.02372
2355 -0.0234
2356 -0.02336
2357 -0.02372
2358 -0.0239
2359 -0.02444
2360 -0.02525
2361 -0.02525
2362 -0.02516
2363 -0.02534
2364 -0.02534
2365 -0.0248
2366 -0.02399
2367 -0.02282
2368 -0.02192
2369 -0.02075
2370 -0.01981
2371 -0.01968
2372 -0.01887
2373 -0.01788
2374 -0.01725
2375 -0.01685
2376 -0.01698
2377 -0.01671
2378 -0.01599
2379 -0.01631
2380 -0.01608
2381 -0.01545
2382 -0.01536
2383 -0.01527
2384 -0.01554
2385 -0.015	
2386 -0.01357
2387 -0.01276
2388 -0.01132
2389 -0.0106
2390 -0.01096
2391 -0.01123
2392 -0.01128
2393 -0.01096
2394 -0.00957
2395 -0.00952
2396 -0.00943
2397 -0.01006
2398 -0.01078
2399 -0.0115
2400 -0.01204
2401 -0.01222
2402 -0.01164
2403 -0.01168
2404 -0.0111
2405 -0.01042
2406 -0.00975
2407 -0.00997
2408 -0.0097
2409 -0.0097
2410 -0.00894
2411 -0.00773
2412 -0.00755
2413 -0.008	
2414 -0.00782
2415 -0.00732
2416 -0.00737
2417 -0.00827
2418 -0.00854
2419 -0.00916
2420 -0.01024
2421 -0.01096
2422 -0.0106
2423 -0.01038
2424 -0.01087
2425 -0.01132
2426 -0.01024
2427 -0.01069
2428 -0.0106
2429 -0.00943
2430 -0.00863
2431 -0.00827
2432 -0.00692
2433 -0.00615
2434 -0.00566
2435 -0.00521
2436 -0.00548
2437 -0.00503
2438 -0.00494
2439 -0.00485
2440 -0.00521
2441 -0.00521
2442 -0.00512
2443 -0.0062
2444 -0.00647
2445 -0.00674
2446 -0.00728
2447 -0.00773
2448 -0.00791
2449 -0.00719
2450 -0.00737
2451 -0.008	
2452 -0.00863
2453 -0.00894
2454 -0.00952
2455 -0.0097
2456 -0.0097
2457 -0.00845
2458 -0.00836
2459 -0.0088
2460 -0.00898
2461 -0.0088
2462 -0.0088
2463 -0.00898
2464 -0.00916
2465 -0.00966
2466 -0.01006
2467 -0.00952
2468 -0.0088
2469 -0.00818
2470 -0.00898
2471 -0.00952
2472 -0.01015
2473 -0.01105
2474 -0.0115
2475 -0.01119
2476 -0.01096
2477 -0.01042
2478 -0.01096
2479 -0.01119
2480 -0.01119
2481 -0.01164
2482 -0.01195
2483 -0.01168
2484 -0.0106
2485 -0.01051
2486 -0.01033
2487 -0.01033
2488 -0.01083
2489 -0.01092
2490 -0.01078
2491 -0.01015
2492 -0.00952
2493 -0.00925
2494 -0.00898
2495 -0.00966
2496 -0.00997
2497 -0.01024
2498 -0.01087
2499 -0.01096
2500 -0.01226
2501 -0.01204
2502 -0.01253
2503 -0.01132
2504 -0.01092
2505 -0.01069
2506 -0.00966
2507 -0.01024
2508 -0.00979
2509 -0.0106
2510 -0.0106
2511 -0.01078
2512 -0.01186
2513 -0.01186
2514 -0.01105
2515 -0.01056
2516 -0.01024
2517 -0.00988
2518 -0.00934
2519 -0.00988
2520 -0.01006
2521 -0.01024
2522 -0.00984
2523 -0.01042
2524 -0.0097
2525 -0.00889
2526 -0.0084
2527 -0.00831
2528 -0.00845
2529 -0.00863
2530 -0.00719
2531 -0.00669
2532 -0.00701
2533 -0.00719
2534 -0.00719
2535 -0.00719
2536 -0.00732
2537 -0.00773
2538 -0.00782
2539 -0.00746
2540 -0.00665
2541 -0.00683
2542 -0.00665
2543 -0.00732
2544 -0.00746
2545 -0.00687
2546 -0.00683
2547 -0.00719
2548 -0.00719
2549 -0.00773
2550 -0.00755
2551 -0.00737
2552 -0.00791
2553 -0.00791
2554 -0.0084
2555 -0.00809
2556 -0.00809
2557 -0.008	
2558 -0.0084
2559 -0.00863
2560 -0.00925
2561 -0.00916
2562 -0.00952
2563 -0.00979
2564 -0.00988
2565 -0.00925
2566 -0.00939
2567 -0.00934
2568 -0.00872
2569 -0.00791
2570 -0.00755
2571 -0.00696
2572 -0.00629
2573 -0.00588
2574 -0.00624
2575 -0.00544
2576 -0.0044
2577 -0.00431
2578 -0.00467
2579 -0.00503
2580 -0.00548
2581 -0.00629
2582 -0.00755
2583 -0.00809
2584 -0.00737
2585 -0.00746
2586 -0.00701
2587 -0.0071
2588 -0.00615
2589 -0.00683
2590 -0.00737
2591 -0.00701
2592 -0.00755
2593 -0.00791
2594 -0.00854
2595 -0.00898
2596 -0.00943
2597 -0.00925
2598 -0.00912
2599 -0.00943
2600 -0.00867
2601 -0.00831
2602 -0.00809
2603 -0.00827
2604 -0.00925
2605 -0.00952
2606 -0.01002
2607 -0.00952
2608 -0.0097
2609 -0.00988
2610 -0.01024
2611 -0.01024
2612 -0.00943
2613 -0.00782
2614 -0.00629
2615 -0.00544
2616 -0.00467
2617 -0.00521
2618 -0.00544
2619 -0.00467
2620 -0.00436
2621 -0.00467
2622 -0.00566
2623 -0.00638
2624 -0.00692
2625 -0.00773
2626 -0.00809
2627 -0.00943
2628 -0.00934
2629 -0.00872
2630 -0.00809
2631 -0.00782
2632 -0.00773
2633 -0.00719
2634 -0.0071
2635 -0.00674
2636 -0.00656
2637 -0.00719
2638 -0.00786
2639 -0.00818
2640 -0.00809
2641 -0.00845
2642 -0.0088
2643 -0.0097
2644 -0.01123
2645 -0.0115
2646 -0.01123
2647 -0.01132
2648 -0.01042
2649 -0.00925
2650 -0.00845
2651 -0.00692
2652 -0.00575
2653 -0.00544
2654 -0.00602
2655 -0.00629
2656 -0.00692
2657 -0.00827
2658 -0.01042
2659 -0.01128
2660 -0.01195
2661 -0.01294
2662 -0.0142
2663 -0.01393
2664 -0.01397
2665 -0.0124
2666 -0.01119
2667 -0.00979
2668 -0.00885
2669 -0.00898
2670 -0.0097
2671 -0.01078
2672 -0.01271
2673 -0.0142
2674 -0.01563
2675 -0.01671
2676 -0.01725
2677 -0.01712
2678 -0.01635
2679 -0.01536
2680 -0.01411
2681 -0.01078
2682 -0.00611
2683 -0.00153
2684 0.00252
2685 0.00584
2686 0.00822
2687 0.00943
2688 0.01024
2689 0.01078
2690 0.0115	
2691 0.0124	
2692 0.0133	
2693 0.01276
2694 0.0133	
2695 0.01438
2696 0.01577
2697 0.01725
2698 0.01815
2699 0.01734
2700 0.01779
2701 0.01761
2702 0.01815
2703 0.01914
2704 0.01986
2705 0.02022
2706 0.01968
2707 0.02044
2708 0.02138
2709 0.02156
2710 0.02102
2711 0.02161
2712 0.02084
2713 0.02031
2714 0.01896
2715 0.01788
2716 0.0168	
2717 0.01473
2718 0.01312
2719 0.01222
2720 0.01024
2721 0.00845
2722 0.00719
2723 0.00557
2724 0.00458
2725 0.0035	
2726 0.00252
2727 0.0018	
2728 0.00081
2729 -0.00198
2730 -0.00368
2731 -0.00584
2732 -0.00786
2733 -0.00925
2734 -0.00984
2735 -0.01056
2736 -0.01146
2737 -0.01069
2738 -0.01195
2739 -0.0124
2740 -0.01222
2741 -0.01168
2742 -0.01195
2743 -0.01141
2744 -0.01222
2745 -0.01393
2746 -0.01599
2747 -0.01716
2748 -0.01828
2749 -0.01797
2750 -0.01788
2751 -0.01788
2752 -0.01743
2753 -0.01752
2754 -0.01797
2755 -0.01846
2756 -0.01959
2757 -0.01887
2758 -0.01815
2759 -0.01725
2760 -0.01599
2761 -0.01563
2762 -0.01527
2763 -0.01563
2764 -0.01617
2765 -0.0168
2766 -0.01739
2767 -0.01833
2768 -0.01815
2769 -0.01752
2770 -0.01685
2771 -0.01644
2772 -0.01658
2773 -0.01743
2774 -0.0186
2775 -0.01896
2776 -0.01954
2777 -0.02048
2778 -0.02165
2779 -0.02264
2780 -0.02269
2781 -0.02372
2782 -0.0239
2783 -0.02457
2784 -0.02417
2785 -0.0234
2786 -0.02309
2787 -0.02354
2788 -0.02453
2789 -0.02507
2790 -0.02507
2791 -0.02534
2792 -0.02713
2793 -0.02785
2794 -0.02992
2795 -0.03432
2796 -0.03944
2797 -0.04627
2798 -0.05552
2799 -0.06685
2800 -0.08077
2801 -0.09676
2802 -0.11334
2803 -0.12992
2804 -0.14555
2805 -0.15741
2806 -0.16765
2807 -0.17268
2808 -0.17421
2809 -0.17196
2810 -0.16693
2811 -0.15741
2812 -0.1416
2813 -0.12044
2814 -0.0947
2815 -0.06779
2816 -0.04133
2817 -0.0142
2818 0.01258
2819 0.0407	
2820 0.07475
2821 0.11626
2822 0.16298
2823 0.21581
2824 0.27789
2825 0.34644
2826 0.41922
2827 0.49307
2828 0.55803
2829 0.60772
2830 0.64433
2831 0.66639
2832 0.66863
2833 0.65102
2834 0.61634
2835 0.56908
2836 0.50763
2837 0.44078
2838 0.36971
2839 0.30148
2840 0.24097
2841 0.18778
2842 0.14232
2843 0.10656
2844 0.08041
2845 0.06343
2846 0.05256
2847 0.0442	
2848 0.03827
2849 0.03167
2850 0.02507
2851 0.02004
2852 0.01599
2853 0.01249
2854 0.00827
2855 0.00031
2856 -0.00912
2857 -0.01923
2858 -0.02695
2859 -0.0336
2860 -0.03823
2861 -0.04438
2862 -0.04977
2863 -0.05534
2864 -0.05912
2865 -0.0611
2866 -0.06298
2867 -0.06523
2868 -0.06649
2869 -0.06581
2870 -0.0659
2871 -0.06662
2872 -0.06738
2873 -0.06756
2874 -0.06765
2875 -0.06783
2876 -0.06882
2877 -0.07017
2878 -0.07215
2879 -0.07367
2880 -0.07592
2881 -0.07691
2882 -0.07691
2883 -0.07718
2884 -0.07646
2885 -0.07695
2886 -0.07718
2887 -0.0779
2888 -0.07861
2889 -0.07987
2890 -0.08041
2891 -0.0805
2892 -0.0814
2893 -0.08239
2894 -0.08248
2895 -0.08212
2896 -0.08136
2897 -0.0796
2898 -0.07844
2899 -0.07704
2900 -0.07614
2901 -0.07655
2902 -0.07691
2903 -0.07673
2904 -0.07646
2905 -0.07682
2906 -0.07646
2907 -0.07691
2908 -0.07592
2909 -0.07435
2910 -0.07358
2911 -0.07277
2912 -0.07224
2913 -0.07188
2914 -0.07188
2915 -0.07075
2916 -0.07098
2917 -0.07161
2918 -0.07188
2919 -0.07286
2920 -0.07277
2921 -0.0726
2922 -0.0726
2923 -0.07233
2924 -0.0726
2925 -0.07331
2926 -0.07322
2927 -0.07331
2928 -0.07188
2929 -0.06999
2930 -0.06738
2931 -0.06514
2932 -0.06379
2933 -0.06321
2934 -0.06145
2935 -0.0602
2936 -0.05831
2937 -0.05642
2938 -0.05561
2939 -0.05552
2940 -0.05588
2941 -0.05588
2942 -0.05552
2943 -0.05526
2944 -0.05481
2945 -0.05427
2946 -0.05283
2947 -0.0531
2948 -0.05301
2949 -0.05283
2950 -0.05238
2951 -0.05211
2952 -0.05121
2953 -0.05148
2954 -0.05166
2955 -0.05157
2956 -0.05139
2957 -0.05067
2958 -0.05013
2959 -0.0495
2960 -0.04924
2961 -0.04816
2962 -0.04753
2963 -0.0469
2964 -0.04672
2965 -0.04654
2966 -0.04546
2967 -0.04429
2968 -0.04263
2969 -0.04205
2970 -0.0407
2971 -0.03935
2972 -0.03769
2973 -0.03666
2974 -0.03558
2975 -0.03562
2976 -0.03486
2977 -0.03468
2978 -0.03369
2979 -0.03414
2980 -0.03378
2981 -0.03387
2982 -0.03378
2983 -0.03378
2984 -0.03284
2985 -0.03284
2986 -0.03302
2987 -0.03176
2988 -0.03167
2989 -0.03163
2990 -0.03163
2991 -0.02992
2992 -0.02902
2993 -0.02821
2994 -0.02821
2995 -0.0274
2996 -0.0265
2997 -0.02695
2998 -0.02695
2999 -0.02659
3000 -0.02641
3001 -0.02507
3002 -0.0239
3003 -0.02201
3004 -0.02197
3005 -0.02084
3006 -0.01923
3007 -0.01716
3008 -0.01402
3009 -0.01276
3010 -0.01141
3011 -0.01114
3012 -0.00997
3013 -0.00952
3014 -0.00863
3015 -0.00876
3016 -0.00827
3017 -0.00701
3018 -0.0053
3019 -0.00359
3020 -0.00279
3021 -0.00225
3022 -0.00252
3023 -0.00207
3024 -0.00121
3025 -9e-05	
3026 0.00031
3027 0.00099
3028 0.00184
3029 0.00323
3030 0.00449
3031 0.0062	
3032 0.00728
3033 0.00925
3034 0.01114
3035 0.01366
3036 0.0159	
3037 0.01851
3038 0.02156
3039 0.0248	
3040 0.02682
3041 0.02907
3042 0.03109
3043 0.03324
3044 0.03437
3045 0.03648
3046 0.03935
3047 0.04178
3048 0.04322
3049 0.04483
3050 0.04632
3051 0.04834
3052 0.0504	
3053 0.05274
3054 0.05391
3055 0.05543
3056 0.05597
3057 0.05678
3058 0.05714
3059 0.05786
3060 0.05871
3061 0.05853
3062 0.0593	
3063 0.06002
3064 0.06168
3065 0.0624	
3066 0.06325
3067 0.06505
3068 0.06743
3069 0.06864
3070 0.07026
3071 0.07143
3072 0.07269
3073 0.0734	
3074 0.07385
3075 0.0739	
3076 0.07367
3077 0.07358
3078 0.07286
3079 0.07206
3080 0.0712	
3081 0.07152
3082 0.0708	
3083 0.07008
3084 0.06864
3085 0.06729
3086 0.06635
3087 0.06451
3088 0.06325
3089 0.06258
3090 0.06074
3091 0.05822
3092 0.05517
3093 0.05207
3094 0.04744
3095 0.04384
3096 0.03953
3097 0.03657
3098 0.03306
3099 0.02942
3100 0.02606
3101 0.02219
3102 0.01878
3103 0.01518
3104 0.01155
3105 0.00732
3106 0.00332
3107 0.00031
3108 -0.00261
3109 -0.00548
3110 -0.0084
3111 -0.01168
3112 -0.01581
3113 -0.01923
3114 -0.02309
3115 -0.02695
3116 -0.03091
3117 -0.03468
3118 -0.03859
3119 -0.0411
3120 -0.0429
3121 -0.04447
3122 -0.04672
3123 -0.04843
3124 -0.0504
3125 -0.05274
3126 -0.05481
3127 -0.05526
3128 -0.05674
3129 -0.05849
3130 -0.0602
3131 -0.06127
3132 -0.06285
3133 -0.06406
3134 -0.06541
3135 -0.06734
3136 -0.06792
3137 -0.06887
3138 -0.06981
3139 -0.06972
3140 -0.06945
3141 -0.07008
3142 -0.06981
3143 -0.0703
3144 -0.07089
3145 -0.0717
3146 -0.07156
3147 -0.0721
3148 -0.07336
3149 -0.07444
3150 -0.07466
3151 -0.07578
3152 -0.07601
3153 -0.07619
3154 -0.07637
3155 -0.0779
3156 -0.07799
3157 -0.07853
3158 -0.07853
3159 -0.07861
3160 -0.07781
3161 -0.07691
3162 -0.07632
3163 -0.07691
3164 -0.07655
3165 -0.07596
3166 -0.07493
3167 -0.07349
3168 -0.0726
3169 -0.07233
3170 -0.07224
3171 -0.07224
3172 -0.07188
3173 -0.07116
3174 -0.07188
3175 -0.07242
3176 -0.07331
3177 -0.07439
3178 -0.07313
3179 -0.07295
3180 -0.07233
3181 -0.07125
3182 -0.07035
3183 -0.06954
3184 -0.06869
3185 -0.06828
3186 -0.06779
3187 -0.06685
3188 -0.06631
3189 -0.06554
3190 -0.06532
3191 -0.06415
3192 -0.0646
3193 -0.06532
3194 -0.06577
3195 -0.06649
3196 -0.06729
3197 -0.06756
3198 -0.06747
3199 -0.0672
3200 -0.06649
3201 -0.06649
3202 -0.06631
3203 -0.06559
3204 -0.06482
3205 -0.06379
3206 -0.06231
3207 -0.06154
3208 -0.06163
3209 -0.0611
3210 -0.06002
3211 -0.05894
3212 -0.05889
3213 -0.05876
3214 -0.05876
3215 -0.05876
3216 -0.05907
3217 -0.05975
3218 -0.05948
3219 -0.06002
3220 -0.06011
3221 -0.06002
3222 -0.05966
3223 -0.05912
3224 -0.0575
3225 -0.0566
3226 -0.0557
3227 -0.05543
3228 -0.05552
3229 -0.05588
3230 -0.05606
3231 -0.05611
3232 -0.05534
3233 -0.05476
3234 -0.05427
3235 -0.05409
3236 -0.05481
3237 -0.05499
3238 -0.05552
3239 -0.05561
3240 -0.05624
3241 -0.05548
3242 -0.05463
3243 -0.05382
3244 -0.0531
3245 -0.05216
3246 -0.05157
3247 -0.05067
3248 -0.04924
3249 -0.04942
3250 -0.04968
3251 -0.04915
3252 -0.04834
3253 -0.04685
3254 -0.04618
3255 -0.04591
3256 -0.04528
3257 -0.04402
3258 -0.04331
3259 -0.04308
3260 -0.04434
3261 -0.04537
3262 -0.04582
3263 -0.04636
3264 -0.04663
3265 -0.04569
3266 -0.04569
3267 -0.04474
3268 -0.04483
3269 -0.04438
3270 -0.04375
3271 -0.04313
3272 -0.04169
3273 -0.04061
3274 -0.04048
3275 -0.03917
3276 -0.03863
3277 -0.03738
3278 -0.0363
3279 -0.03504
3280 -0.03405
3281 -0.03432
3282 -0.03504
3283 -0.03643
3284 -0.03738
3285 -0.03756
3286 -0.03711
3287 -0.03747
3288 -0.03594
3289 -0.03585
3290 -0.03531
3291 -0.03486
3292 -0.03378
3293 -0.03243
3294 -0.03181
3295 -0.03284
3296 -0.03369
3297 -0.03378
3298 -0.03401
3299 -0.03419
3300 -0.0345
3301 -0.03585
3302 -0.03558
3303 -0.0363
3304 -0.03706
3305 -0.03724
3306 -0.03729
3307 -0.03675
3308 -0.03625
3309 -0.03598
3310 -0.03657
3311 -0.03576
3312 -0.03464
3313 -0.03342
3314 -0.03127
3315 -0.0292
3316 -0.02821
3317 -0.02767
3318 -0.02615
3319 -0.0257
3320 -0.02556
3321 -0.02588
3322 -0.02637
3323 -0.02713
3324 -0.02803
3325 -0.02844
3326 -0.02848
3327 -0.02812
3328 -0.02808
3329 -0.02803
3330 -0.02745
3331 -0.02767
3332 -0.02758
3333 -0.02695
3334 -0.02709
3335 -0.027	
3336 -0.02713
3337 -0.02731
3338 -0.02785
3339 -0.02848
3340 -0.02857
3341 -0.02794
3342 -0.0274
3343 -0.02722
3344 -0.02718
3345 -0.02659
3346 -0.02507
3347 -0.02471
3348 -0.02453
3349 -0.02471
3350 -0.02354
3351 -0.02269
3352 -0.02138
3353 -0.02179
3354 -0.0221
3355 -0.02165
3356 -0.02219
3357 -0.02273
3358 -0.02462
3359 -0.02534
3360 -0.02615
3361 -0.0265
3362 -0.02588
3363 -0.02534
3364 -0.0248
3365 -0.02484
3366 -0.02516
3367 -0.0248
3368 -0.02511
3369 -0.02489
3370 -0.02471
3371 -0.02511
3372 -0.02579
3373 -0.02561
3374 -0.02534
3375 -0.02462
3376 -0.02394
3377 -0.02354
3378 -0.02228
3379 -0.02201
3380 -0.02156
3381 -0.0221
3382 -0.02174
3383 -0.02138
3384 -0.02102
3385 -0.02084
3386 -0.02111
3387 -0.02031
3388 -0.01936
3389 -0.0186
3390 -0.01824
3391 -0.01815
3392 -0.01833
3393 -0.01905
3394 -0.01905
3395 -0.01941
3396 -0.02044
3397 -0.02084
3398 -0.02031
3399 -0.02093
3400 -0.0212
3401 -0.02228
3402 -0.02291
3403 -0.023	
3404 -0.023	
3405 -0.0221
3406 -0.02318
3407 -0.02318
3408 -0.02354
3409 -0.02269
3410 -0.02102
3411 -0.02031
3412 -0.01941
3413 -0.01959
3414 -0.01896
3415 -0.01842
3416 -0.01878
3417 -0.01905
3418 -0.0195
3419 -0.01959
3420 -0.0199
3421 -0.01995
3422 -0.01959
3423 -0.0186
3424 -0.01959
3425 -0.02066
3426 -0.02048
3427 -0.02116
3428 -0.02093
3429 -0.02138
3430 -0.02026
3431 -0.01959
3432 -0.019	
3433 -0.01837
3434 -0.01959
3435 -0.01977
3436 -0.02017
3437 -0.02075
3438 -0.02013
3439 -0.01995
3440 -0.02134
3441 -0.02228
3442 -0.02228
3443 -0.02219
3444 -0.02174
3445 -0.0217
3446 -0.02156
3447 -0.02084
3448 -0.02048
3449 -0.01941
3450 -0.01905
3451 -0.01833
3452 -0.01752
3453 -0.01725
3454 -0.0159
3455 -0.01599
3456 -0.01599
3457 -0.01599
3458 -0.01635
3459 -0.01635
3460 -0.01716
3461 -0.01828
3462 -0.01977
3463 -0.02093
3464 -0.02156
3465 -0.02102
3466 -0.02102
3467 -0.02039
3468 -0.01981
3469 -0.01923
3470 -0.01837
3471 -0.0177
3472 -0.01761
3473 -0.01635
3474 -0.01698
3475 -0.01559
3476 -0.01563
3477 -0.0159
3478 -0.01523
3479 -0.01563
3480 -0.01545
3481 -0.01635
3482 -0.01635
3483 -0.01671
3484 -0.01635
3485 -0.01608
3486 -0.01599
3487 -0.01545
3488 -0.01545
3489 -0.01429
3490 -0.01402
3491 -0.01321
3492 -0.01258
3493 -0.0124
3494 -0.01069
3495 -0.01132
3496 -0.01159
3497 -0.01186
3498 -0.01222
3499 -0.01294
3500 -0.01352
3501 -0.01438
3502 -0.01527
3503 -0.01509
3504 -0.01473
3505 -0.01491
3506 -0.01415
3507 -0.0133
3508 -0.01334
3509 -0.01312
3510 -0.0124
3511 -0.01078
3512 -0.0106
3513 -0.01006
3514 -0.00988
3515 -0.01033
3516 -0.01051
3517 -0.01096
3518 -0.01078
3519 -0.01042
3520 -0.0097
3521 -0.00827
3522 -0.00737
3523 -0.00728
3524 -0.00791
3525 -0.00894
3526 -0.00791
3527 -0.00773
3528 -0.00683
3529 -0.00629
3530 -0.00485
3531 -0.0035
3532 -0.00234
3533 -0.00198
3534 -0.00162
3535 -0.00198
3536 -0.00279
3537 -0.00395
3538 -0.00494
3539 -0.00503
3540 -0.00431
3541 -0.00404
3542 -0.0044
3543 -0.00481
3544 -0.00539
3545 -0.00629
3546 -0.00665
3547 -0.00732
3548 -0.00692
3549 -0.00701
3550 -0.00773
3551 -0.00809
3552 -0.00845
3553 -0.00961
3554 -0.01006
3555 -0.01042
3556 -0.01087
3557 -0.01096
3558 -0.01024
3559 -0.00827
3560 -0.00701
3561 -0.00557
3562 -0.00512
3563 -0.00499
3564 -0.00494
3565 -0.00503
3566 -0.00696
3567 -0.00872
3568 -0.00988
3569 -0.01087
3570 -0.01047
3571 -0.01096
3572 -0.0111
3573 -0.00979
3574 -0.00827
3575 -0.00593
3576 -0.00256
3577 0.00117
3578 0.00674
3579 0.01168
3580 0.0159	
3581 0.02031
3582 0.02251
3583 0.02417
3584 0.02552
3585 0.02722
3586 0.02767
3587 0.02686
3588 0.02606
3589 0.02561
3590 0.02623
3591 0.02606
3592 0.02713
3593 0.02826
3594 0.02839
3595 0.0283	
3596 0.02929
3597 0.0292	
3598 0.02992
3599 0.03037
3600 0.03127
3601 0.03136
3602 0.03199
3603 0.03302
3604 0.03324
3605 0.03306
3606 0.03181
3607 0.03131
3608 0.03019
3609 0.03073
3610 0.03163
3611 0.03118
3612 0.02893
3613 0.02641
3614 0.02462
3615 0.02219
3616 0.01963
3617 0.01599
3618 0.0133	
3619 0.01029
3620 0.00791
3621 0.00512
3622 0.00288
3623 0.00108
3624 -0.0009
3625 -0.00252
3626 -0.00323
3627 -0.00445
3628 -0.00575
3629 -0.00544
3630 -0.00485
3631 -0.00288
3632 -0.00117
3633 0.00054
3634 0.00162
3635 0.00261
3636 0.00216
3637 0.00189
3638 0.00117
3639 0.00054
3640 -0.00108
3641 -0.00135
3642 -0.00216
3643 -0.00216
3644 -0.00202
3645 -0.00261
3646 -0.00288
3647 -0.00261
3648 -0.00225
3649 -0.0027
3650 -0.00252
3651 -0.00216
3652 -0.00198
3653 -0.00216
3654 -0.0018
3655 -0.00108
3656 -0.00076
3657 -0.00072
3658 -0.00162
3659 -0.00274
3660 -0.00288
3661 -0.00279
3662 -0.00288
3663 -0.00364
3664 -0.00449
3665 -0.00521
3666 -0.00548
3667 -0.00548
3668 -0.00615
3669 -0.00629
3670 -0.00575
3671 -0.00544
3672 -0.00467
3673 -0.00485
3674 -0.00575
3675 -0.00521
3676 -0.00503
3677 -0.00485
3678 -0.00494
3679 -0.00575
3680 -0.00791
3681 -0.00952
3682 -0.0102
3683 -0.01195
3684 -0.01321
3685 -0.01509
3686 -0.01653
3687 -0.01743
3688 -0.01815
3689 -0.01797
3690 -0.01846
3691 -0.02057
3692 -0.0248
3693 -0.03046
3694 -0.03967
3695 -0.05139
3696 -0.06523
3697 -0.08028
3698 -0.09533
3699 -0.11015
3700 -0.12426
3701 -0.1371
3702 -0.14896
3703 -0.15701
3704 -0.15957
3705 -0.15786
3706 -0.15346
3707 -0.14537
3708 -0.13194
3709 -0.11339
3710 -0.08967
3711 -0.06334
3712 -0.03783
3713 -0.0115
3714 0.01581
3715 0.04295
3716 0.07233
3717 0.10862
3718 0.15242
3719 0.1991	
3720 0.25444
3721 0.31805
3722 0.38589
3723 0.45678
3724 0.5247	
3725 0.57861
3726 0.61832
3727 0.64428
3728 0.65327
3729 0.64294
3730 0.61634
3731 0.57546
3732 0.52164
3733 0.45911
3734 0.39245
3735 0.32668
3736 0.26702
3737 0.2141	
3738 0.16864
3739 0.13122
3740 0.10256
3741 0.0832	
3742 0.06932
3743 0.06056
3744 0.05337
3745 0.04726
3746 0.04092
3747 0.03589
3748 0.0319	
3749 0.02848
3750 0.02547
3751 0.02044
3752 0.0133	
3753 0.00467
3754 -0.00305
3755 -0.00916
3756 -0.01366
3757 -0.01779
3758 -0.0217
3759 -0.02695
3760 -0.03055
3761 -0.03306
3762 -0.03558
3763 -0.0372
3764 -0.03863
3765 -0.0407
3766 -0.0425
3767 -0.04322
3768 -0.04295
3769 -0.04205
3770 -0.04128
3771 -0.04016
3772 -0.04025
3773 -0.04043
3774 -0.0411
3775 -0.0425
3776 -0.04272
3777 -0.04384
3778 -0.04402
3779 -0.04465
3780 -0.0451
3781 -0.04636
3782 -0.04748
3783 -0.04888
3784 -0.04924
3785 -0.04924
3786 -0.04959
3787 -0.04906
3788 -0.04924
3789 -0.0495
3790 -0.05009
3791 -0.04959
3792 -0.04906
3793 -0.04847
3794 -0.04798
3795 -0.04654
3796 -0.04519
3797 -0.04411
3798 -0.04295
3799 -0.04308
3800 -0.04331
3801 -0.04313
3802 -0.04349
3803 -0.04375
3804 -0.04214
3805 -0.04151
3806 -0.04115
3807 -0.03998
3808 -0.03989
3809 -0.03935
3810 -0.03769
3811 -0.03756
3812 -0.03724
3813 -0.03594
3814 -0.03558
3815 -0.03513
3816 -0.03468
3817 -0.03432
3818 -0.03405
3819 -0.03396
3820 -0.03342
3821 -0.03351
3822 -0.03396
3823 -0.03477
3824 -0.0345
3825 -0.03432
3826 -0.03324
3827 -0.03261
3828 -0.03252
3829 -0.03243
3830 -0.03104
3831 -0.03019
3832 -0.02938
3833 -0.02871
3834 -0.02857
3835 -0.02776
3836 -0.02785
3837 -0.02713
3838 -0.02677
3839 -0.02713
3840 -0.02754
3841 -0.02785
3842 -0.02704
3843 -0.0265
3844 -0.02583
3845 -0.0265
3846 -0.02637
3847 -0.02606
3848 -0.02588
3849 -0.02601
3850 -0.02534
3851 -0.02498
3852 -0.02448
3853 -0.02421
3854 -0.02435
3855 -0.02381
3856 -0.02327
3857 -0.02246
3858 -0.02183
3859 -0.02201
3860 -0.02138
3861 -0.02084
3862 -0.02004
3863 -0.01986
3864 -0.01878
3865 -0.01842
3866 -0.01833
3867 -0.01824
3868 -0.01815
3869 -0.01779
3870 -0.01721
3871 -0.01554
3872 -0.01366
3873 -0.01267
3874 -0.01186
3875 -0.01078
3876 -0.0106
3877 -0.01042
3878 -0.00975
3879 -0.0097
3880 -0.00916
3881 -0.0088
3882 -0.00845
3883 -0.00773
3884 -0.00737
3885 -0.00683
3886 -0.00602
3887 -0.00422
3888 -0.00305
3889 -0.00198
3890 -0.00126
3891 -0.00036
3892 0.00081
3893 0.00135
3894 0.00198
3895 0.00189
3896 0.0027	
3897 0.0027	
3898 0.00288
3899 0.00431
3900 0.00449
3901 0.00503
3902 0.00503
3903 0.00454
3904 0.00544
3905 0.00674
3906 0.008	
3907 0.00898
3908 0.01051
3909 0.01168
3910 0.01204
3911 0.0133	
3912 0.01545
3913 0.01716
3914 0.01869
3915 0.02093
3916 0.023	
3917 0.02408
3918 0.02484
3919 0.02655
3920 0.02911
3921 0.03073
3922 0.03288
3923 0.03432
3924 0.03585
3925 0.03684
3926 0.03747
3927 0.03756
3928 0.03836
3929 0.03971
3930 0.04088
3931 0.04295
3932 0.04456
3933 0.04582
3934 0.0473	
3935 0.04897
3936 0.05139
3937 0.05265
3938 0.05391
3939 0.05543
3940 0.05633
3941 0.0588	
3942 0.0611	
3943 0.06253
3944 0.06419
3945 0.06559
3946 0.06702
3947 0.06774
3948 0.06864
3949 0.0703	
3950 0.07152
3951 0.07304
3952 0.07493
3953 0.07655
3954 0.07781
3955 0.07897
3956 0.07888
3957 0.07844
3958 0.08014
3959 0.0814	
3960 0.08194
3961 0.08266
3962 0.0832	
3963 0.08463
3964 0.08553
3965 0.08733
3966 0.08841
3967 0.0885	
3968 0.08931
3969 0.09056
3970 0.09173
3971 0.09218
3972 0.09362
3973 0.09416
3974 0.09479
3975 0.09524
3976 0.09488
3977 0.09483
3978 0.09452
3979 0.09474
3980 0.09326
3981 0.09173
3982 0.08949
3983 0.08769
3984 0.08616
3985 0.08383
3986 0.08189
3987 0.07942
3988 0.07691
3989 0.07385
3990 0.07089
3991 0.06774
3992 0.065	
3993 0.06127
3994 0.05768
3995 0.05391
3996 0.04942
3997 0.04564
3998 0.04088
3999 0.0358	
4000 0.03127
4001 0.02821
4002 0.02534
4003 0.02066
4004 0.01599
4005 0.01204
4006 0.00845
4007 0.00467
4008 0.00099
4009 -0.00234
4010 -0.0053
4011 -0.00898
4012 -0.01096
4013 -0.01276
4014 -0.01433
4015 -0.01626
4016 -0.01842
4017 -0.01959
4018 -0.02111
4019 -0.02228
4020 -0.02462
4021 -0.02695
4022 -0.02929
4023 -0.03145
4024 -0.03288
4025 -0.0336
4026 -0.0345
4027 -0.03648
4028 -0.03836
4029 -0.03958
4030 -0.03971
4031 -0.04061
4032 -0.04133
4033 -0.04232
4034 -0.04331
4035 -0.0447
4036 -0.04569
4037 -0.04672
4038 -0.04726
4039 -0.04739
4040 -0.04852
4041 -0.04861
4042 -0.04888
4043 -0.04852
4044 -0.04888
4045 -0.04933
4046 -0.04959
4047 -0.04959
4048 -0.04986
4049 -0.04924
4050 -0.04888
4051 -0.04852
4052 -0.0487
4053 -0.04852
4054 -0.04852
4055 -0.04906
4056 -0.04897
4057 -0.04856
4058 -0.04816
4059 -0.04748
4060 -0.04744
4061 -0.04861
4062 -0.0487
4063 -0.04879
4064 -0.0487
4065 -0.0478
4066 -0.04757
4067 -0.04708
4068 -0.04663
4069 -0.04614
4070 -0.04528
4071 -0.04438
4072 -0.04331
4073 -0.04331
4074 -0.04295
4075 -0.04277
4076 -0.04349
4077 -0.04313
4078 -0.04366
4079 -0.04322
4080 -0.04286
4081 -0.0416
4082 -0.0425
4083 -0.04232
4084 -0.04187
4085 -0.04187
4086 -0.04079
4087 -0.04115
4088 -0.04097
4089 -0.04025
4090 -0.03854
4091 -0.03818
4092 -0.03783
4093 -0.03747
4094 -0.03657
4095 -0.03648
4096 -0.03693
4097 -0.0363
4098 -0.03576
4099 -0.03553
4100 -0.03666
4101 -0.03666
4102 -0.03688
4103 -0.03738
4104 -0.03791
4105 -0.03774
4106 -0.03863
4107 -0.03769
4108 -0.03733
4109 -0.03639
4110 -0.03504
4111 -0.03432
4112 -0.03324
4113 -0.03199
4114 -0.0319
4115 -0.03145
4116 -0.03091
4117 -0.03064
4118 -0.03046
4119 -0.03145
4120 -0.03252
4121 -0.03324
4122 -0.03311
4123 -0.03356
4124 -0.03351
4125 -0.03266
4126 -0.03199
4127 -0.03145
4128 -0.031	
4129 -0.02996
4130 -0.02817
4131 -0.02686
4132 -0.0265
4133 -0.02579
4134 -0.02552
4135 -0.02489
4136 -0.02498
4137 -0.02606
4138 -0.02655
4139 -0.02646
4140 -0.02615
4141 -0.02588
4142 -0.02641
4143 -0.02731
4144 -0.02749
4145 -0.0283
4146 -0.02848
4147 -0.02817
4148 -0.02758
4149 -0.02668
4150 -0.02597
4151 -0.02489
4152 -0.02381
4153 -0.02269
4154 -0.02138
4155 -0.0199
4156 -0.01833
4157 -0.01824
4158 -0.01797
4159 -0.01815
4160 -0.01941
4161 -0.01914
4162 -0.01851
4163 -0.01779
4164 -0.01725
4165 -0.01563
4166 -0.01478
4167 -0.01455
4168 -0.01491
4169 -0.01545
4170 -0.01577
4171 -0.01509
4172 -0.01433
4173 -0.01366
4174 -0.01303
4175 -0.01289
4176 -0.01294
4177 -0.01285
4178 -0.01312
4179 -0.01357
4180 -0.01379
4181 -0.0133
4182 -0.01204
4183 -0.0124
4184 -0.01249
4185 -0.01276
4186 -0.01307
4187 -0.01285
4188 -0.01267
4189 -0.0124
4190 -0.01177
4191 -0.01177
4192 -0.01208
4193 -0.01235
4194 -0.01222
4195 -0.01199
4196 -0.01141
4197 -0.01038
4198 -0.00943
4199 -0.00809
4200 -0.00827
4201 -0.00827
4202 -0.00952
4203 -0.0111
4204 -0.01195
4205 -0.01186
4206 -0.01096
4207 -0.01042
4208 -0.00984
4209 -0.00907
4210 -0.00845
4211 -0.008	
4212 -0.00719
4213 -0.00566
4214 -0.00476
4215 -0.00463
4216 -0.00431
4217 -0.00395
4218 -0.00467
4219 -0.00539
4220 -0.0062
4221 -0.00665
4222 -0.00665
4223 -0.00606
4224 -0.00701
4225 -0.00701
4226 -0.00719
4227 -0.00701
4228 -0.00521
4229 -0.00436
4230 -0.00368
4231 -0.00314
4232 -0.004	
4233 -0.00467
4234 -0.00629
4235 -0.00638
4236 -0.00665
4237 -0.00696
4238 -0.00669
4239 -0.00575
4240 -0.00521
4241 -0.00467
4242 -0.00476
4243 -0.00485
4244 -0.00494
4245 -0.00467
4246 -0.00485
4247 -0.00467
4248 -0.00431
4249 -0.00341
4250 -0.00305
4251 -0.00279
4252 -0.00305
4253 -0.0027
4254 -0.00234
4255 -0.00265
4256 -0.00288
4257 -0.00332
4258 -0.00337
4259 -0.00332
4260 -0.00323
4261 -0.00314
4262 -0.00247
4263 -0.00288
4264 -0.00252
4265 -0.00261
4266 -0.0018
4267 -0.00108
4268 -0.00108
4269 -0.00036
4270 0.00031
4271 0.00162
4272 0.00225
4273 0.00319
4274 0.00296
4275 0.00216
4276 0.0018	
4277 0.00126
4278 0.0013	
4279 0.00144
4280 0.00153
4281 0.00184
4282 0.00252
4283 0.00198
4284 0.00117
4285 0.00148
4286 0.00108
4287 -0.00036
4288 -0.0004
4289 0.00018
4290 0.00099
4291 0.0018	
4292 0.00288
4293 0.00377
4294 0.00494
4295 0.00539
4296 0.00521
4297 0.0044	
4298 0.00332
4299 0.00207
4300 0.00225
4301 0.00238
4302 0.00216
4303 0.00256
4304 0.00243
4305 0.00144
4306 0.00031
4307 -0.00085
4308 -0.00072
4309 -0.00117
4310 -0.00126
4311 -0.00049
4312 -0.0009
4313 -0.0018
4314 -0.00162
4315 -0.00036
4316 -0.00036
4317 0.00027
4318 -0.00045
4319 -0.00085
4320 -0.00198
4321 -0.00234
4322 -0.00171
4323 -0.00207
4324 -0.00189
4325 -0.00207
4326 -0.00189
4327 -0.00139
4328 -0.0004
4329 -0.00027
4330 -0.00045
4331 -0.00081
4332 -0.00054
4333 0.00018
4334 0.00018
4335 0.00018
4336 0.00027
4337 0.00054
4338 0.0009	
4339 0.00081
4340 0.00018
4341 -0.00022
4342 -0.00117
4343 -0.00072
4344 -0.00013
4345 9e-05	
4346 0.00027
4347 0.00022
4348 0.00108
4349 0.00108
4350 0.00189
4351 0.00252
4352 0.00377
4353 0.00449
4354 0.00512
4355 0.00593
4356 0.00728
4357 0.0088	
4358 0.00827
4359 0.00818
4360 0.00683
4361 0.00606
4362 0.00593
4363 0.00629
4364 0.00629
4365 0.00544
4366 0.00494
4367 0.00539
4368 0.00606
4369 0.00606
4370 0.00557
4371 0.00503
4372 0.00512
4373 0.00656
4374 0.00746
4375 0.00629
4376 0.00602
4377 0.00521
4378 0.00472
4379 0.00323
4380 0.00274
4381 0.00175
4382 0.00058
4383 0.00126
4384 0.00108
4385 0.00108
4386 0.00054
4387 0.00027
4388 0.00139
4389 0.00261
4390 0.00305
4391 0.00377
4392 0.0044	
4393 0.00458
4394 0.00476
4395 0.00368
4396 0.00252
4397 0.00171
4398 0.00081
4399 9e-05	
4400 0.00031
4401 9e-05	
4402 0.0004	
4403 0.00031
4404 9e-05	
4405 0.00027
4406 -9e-05	
4407 -4e-05	
4408 -0.00027
4409 0.00031
4410 -0.00027
4411 0.00126
4412 0.0027	
4413 0.00395
4414 0.00503
4415 0.00431
4416 0.00386
4417 0.00377
4418 0.00422
4419 0.00377
4420 0.00377
4421 0.00305
4422 0.00422
4423 0.00458
4424 0.00449
4425 0.00508
4426 0.00521
4427 0.00503
4428 0.00521
4429 0.00449
4430 0.00413
4431 0.00521
4432 0.00544
4433 0.00593
4434 0.00593
4435 0.00696
4436 0.00674
4437 0.00683
4438 0.00638
4439 0.00669
4440 0.00611
4441 0.00575
4442 0.00606
4443 0.00638
4444 0.00602
4445 0.00512
4446 0.0035	
4447 0.0027	
4448 0.00252
4449 0.00305
4450 0.00368
4451 0.00395
4452 0.00368
4453 0.00422
4454 0.00359
4455 0.00341
4456 0.00427
4457 0.00485
4458 0.00449
4459 0.00404
4460 0.00395
4461 0.00288
4462 0.00261
4463 0.0018	
4464 0.00234
4465 0.00341
4466 0.00413
4467 0.00521
4468 0.00593
4469 0.00602
4470 0.0062	
4471 0.00629
4472 0.00638
4473 0.00705
4474 0.00647
4475 0.00588
4476 0.0049	
4477 0.00449
4478 0.00323
4479 0.00413
4480 0.0044	
4481 0.00535
4482 0.00557
4483 0.00458
4484 0.00535
4485 0.00521
4486 0.00418
4487 0.00305
4488 0.00171
4489 -0.00018
4490 -0.00162
4491 -0.00216
4492 -0.00314
4493 -0.00225
4494 0.0	
4495 0.00252
4496 0.00737
4497 0.01312
4498 0.0186	
4499 0.02408
4500 0.02893
4501 0.03369
4502 0.0376	
4503 0.04007
4504 0.04106
4505 0.04088
4506 0.04057
4507 0.03971
4508 0.03899
4509 0.03881
4510 0.03774
4511 0.03733
4512 0.03756
4513 0.03756
4514 0.03809
4515 0.03899
4516 0.03953
4517 0.04025
4518 0.04007
4519 0.0398	
4520 0.04007
4521 0.04034
4522 0.04043
4523 0.0407	
4524 0.04223
4525 0.04295
4526 0.04443
4527 0.0451	
4528 0.04546
4529 0.04573
4530 0.04546
4531 0.04546
4532 0.04402
4533 0.04304
4534 0.04061
4535 0.03868
4536 0.03585
4537 0.03284
4538 0.03046
4539 0.02839
4540 0.02623
4541 0.02462
4542 0.02246
4543 0.02066
4544 0.01833
4545 0.01635
4546 0.01496
4547 0.015	
4548 0.01518
4549 0.01545
4550 0.01545
4551 0.01581
4552 0.01635
4553 0.01581
4554 0.01509
4555 0.01455
4556 0.01563
4557 0.01455
4558 0.01303
4559 0.01222
4560 0.01204
4561 0.01168
4562 0.01069
4563 0.00988
4564 0.00943
4565 0.00898
4566 0.00845
4567 0.00863
4568 0.00854
4569 0.00889
4570 0.00952
4571 0.00952
4572 0.00988
4573 0.01078
4574 0.0128	
4575 0.0133	
4576 0.01312
4577 0.01294
4578 0.01339
4579 0.0124	
4580 0.01231
4581 0.0115	
4582 0.01204
4583 0.01294
4584 0.01298
4585 0.01222
4586 0.01123
4587 0.01006
4588 0.0097	
4589 0.01024
4590 0.01042
4591 0.0097	
4592 0.01029
4593 0.01096
4594 0.01123
4595 0.01231
4596 0.01262
4597 0.01384
4598 0.01455
4599 0.01491
4600 0.01424
4601 0.01348
4602 0.0137	
4603 0.01258
4604 0.01096
4605 0.00952
4606 0.00791
4607 0.00575
4608 0.00449
4609 0.00305
4610 0.00162
4611 -0.00027
4612 -0.00404
4613 -0.00997
4614 -0.01869
4615 -0.02911
4616 -0.04169
4617 -0.0566
4618 -0.07224
4619 -0.08877
4620 -0.10512
4621 -0.11985
4622 -0.13279
4623 -0.14106
4624 -0.14591
4625 -0.14685
4626 -0.14339
4627 -0.13683
4628 -0.1256
4629 -0.10808
4630 -0.08549
4631 -0.05822
4632 -0.03118
4633 -0.00341
4634 0.02561
4635 0.05395
4636 0.08302
4637 0.11662
4638 0.15651
4639 0.20157
4640 0.2539	
4641 0.31554
4642 0.38382
4643 0.4548	
4644 0.52614
4645 0.58741
4646 0.63557
4647 0.67007
4648 0.68903
4649 0.68795
4650 0.66863
4651 0.63251
4652 0.58229
4653 0.51931
4654 0.44981
4655 0.37717
4656 0.30817
4657 0.24959
4658 0.19874
4659 0.1557	
4660 0.11967
4661 0.09232
4662 0.0752	
4663 0.06334
4664 0.0549	
4665 0.04798
4666 0.04331
4667 0.03863
4668 0.03405
4669 0.03145
4670 0.02965
4671 0.02875
4672 0.02489
4673 0.01743
4674 0.00952
4675 0.00314
4676 -0.0018
4677 -0.00544
4678 -0.00997
4679 -0.01451
4680 -0.01842
4681 -0.02138
4682 -0.02291
4683 -0.02453
4684 -0.02623
4685 -0.02623
4686 -0.02673
4687 -0.02758
4688 -0.02749
4689 -0.02794
4690 -0.02844
4691 -0.02929
4692 -0.03019
4693 -0.03064
4694 -0.03131
4695 -0.03342
4696 -0.03432
4697 -0.03423
4698 -0.0345
4699 -0.03513
4700 -0.03576
4701 -0.03612
4702 -0.03666
4703 -0.03809
4704 -0.03926
4705 -0.04061
4706 -0.04142
4707 -0.04151
4708 -0.04097
4709 -0.04007
4710 -0.03926
4711 -0.03854
4712 -0.03774
4713 -0.03738
4714 -0.03648
4715 -0.03558
4716 -0.03414
4717 -0.03428
4718 -0.03468
4719 -0.03378
4720 -0.0327
4721 -0.03234
4722 -0.03243
4723 -0.03216
4724 -0.0319
4725 -0.03199
4726 -0.03199
4727 -0.0319
4728 -0.03154
4729 -0.03028
4730 -0.02898
4731 -0.02866
4732 -0.02889
4733 -0.02857
4734 -0.02812
4735 -0.02754
4736 -0.02713
4737 -0.0257
4738 -0.02462
4739 -0.02435
4740 -0.02421
4741 -0.02426
4742 -0.02412
4743 -0.02457
4744 -0.02516
4745 -0.02462
4746 -0.02444
4747 -0.02552
4748 -0.02507
4749 -0.02444
4750 -0.02269
4751 -0.02022
4752 -0.01905
4753 -0.01725
4754 -0.01635
4755 -0.01617
4756 -0.01622
4757 -0.01559
4758 -0.01563
4759 -0.0159
4760 -0.01473
4761 -0.01366
4762 -0.0133
4763 -0.01276
4764 -0.01177
4765 -0.01096
4766 -0.01056
4767 -0.01006
4768 -0.00863
4769 -0.00907
4770 -0.00854
4771 -0.00737
4772 -0.00575
4773 -0.00458
4774 -0.00288
4775 -0.00243
4776 -0.00099
4777 -0.00072
4778 -0.0009
4779 -0.00076
4780 -0.00108
4781 -0.00018
4782 0.00139
4783 0.00207
4784 0.00256
4785 0.00305
4786 0.00328
4787 0.0044	
4788 0.0053	
4789 0.00647
4790 0.00642
4791 0.00575
4792 0.00633
4793 0.00746
4794 0.00809
4795 0.008	
4796 0.00782
4797 0.0088	
4798 0.00934
4799 0.01047
4800 0.0106	
4801 0.01204
4802 0.01267
4803 0.01384
4804 0.01478
4805 0.0142	
4806 0.01424
4807 0.01491
4808 0.01572
4809 0.01698
4810 0.01837
4811 0.01941
4812 0.02174
4813 0.02215
4814 0.02331
4815 0.02471
4816 0.0248	
4817 0.0252	
4818 0.02498
4819 0.02466
4820 0.02516
4821 0.02632
4822 0.02632
4823 0.02677
4824 0.02731
4825 0.02731
4826 0.02763
4827 0.02875
4828 0.03001
4829 0.03127
4830 0.03199
4831 0.03401
4832 0.03576
4833 0.03738
4834 0.04003
4835 0.042	
4836 0.0425	
4837 0.04299
4838 0.04375
4839 0.04465
4840 0.04564
4841 0.04726
4842 0.04793
4843 0.04924
4844 0.05139
4845 0.05234
4846 0.05355
4847 0.05494
4848 0.05615
4849 0.05804
4850 0.06047
4851 0.06312
4852 0.06523
4853 0.06738
4854 0.07071
4855 0.07295
4856 0.07484
4857 0.07646
4858 0.07826
4859 0.07987
4860 0.08145
4861 0.08338
4862 0.08594
4863 0.08715
4864 0.08868
4865 0.08958
4866 0.09007
4867 0.09029
4868 0.09209
4869 0.09461
4870 0.09712
4871 0.0982	
4872 0.09874
4873 0.09937
4874 0.10121
4875 0.10242
4876 0.10314
4877 0.10422
4878 0.10458
4879 0.1062	
4880 0.1071	
4881 0.10746
4882 0.10844
4883 0.10907
4884 0.10961
4885 0.11006
4886 0.11015
4887 0.11123
4888 0.11159
4889 0.11186
4890 0.11343
4891 0.11509
4892 0.11599
4893 0.11734
4894 0.11752
4895 0.11824
4896 0.11797
4897 0.11684
4898 0.11523
4899 0.11374
4900 0.11213
4901 0.11114
4902 0.11051
4903 0.10799
4904 0.10602
4905 0.10382
4906 0.10144
4907 0.09901
4908 0.09551
4909 0.09137
4910 0.08769
4911 0.08513
4912 0.08176
4913 0.07637
4914 0.07134
4915 0.06676
4916 0.06253
4917 0.05791
4918 0.05305
4919 0.04766
4920 0.04331
4921 0.03863
4922 0.03378
4923 0.03037
4924 0.02632
4925 0.02228
4926 0.01869
4927 0.01509
4928 0.01231
4929 0.00921
4930 0.00404
4931 0.00081
4932 -0.00216
4933 -0.00413
4934 -0.00674
4935 -0.00872
4936 -0.01141
4937 -0.01482
4938 -0.01761
4939 -0.01977
4940 -0.02174
4941 -0.02516
4942 -0.02889
4943 -0.03212
4944 -0.03486
4945 -0.03657
4946 -0.03809
4947 -0.04061
4948 -0.04214
4949 -0.04277
4950 -0.04295
4951 -0.0442
4952 -0.04456
4953 -0.046	
4954 -0.04672
4955 -0.04672
4956 -0.04757
4957 -0.04861
4958 -0.04959
4959 -0.05045
4960 -0.04995
4961 -0.05094
4962 -0.05202
4963 -0.05314
4964 -0.0535
4965 -0.05368
4966 -0.05319
4967 -0.05265
4968 -0.05337
4969 -0.05337
4970 -0.05319
4971 -0.05292
4972 -0.05256
4973 -0.05148
4974 -0.05058
4975 -0.04906
4976 -0.04897
4977 -0.0487
4978 -0.04825
4979 -0.04757
4980 -0.04569
4981 -0.04537
4982 -0.04546
4983 -0.04654
4984 -0.04654
4985 -0.0465
4986 -0.04591
4987 -0.04627
4988 -0.04618
4989 -0.04618
4990 -0.04636
4991 -0.04627
4992 -0.04654
4993 -0.04654
4994 -0.04627
4995 -0.04528
4996 -0.04393
4997 -0.04384
4998 -0.04331
4999 -0.04259
5000 -0.04205
5001 -0.04151
5002 -0.04169
5003 -0.04227
5004 -0.04313
5005 -0.04277
5006 -0.0429
5007 -0.04169
5008 -0.04079
5009 -0.03935
5010 -0.03827
5011 -0.03666
5012 -0.03607
5013 -0.03589
5014 -0.03576
5015 -0.0354
5016 -0.0354
5017 -0.03576
5018 -0.03576
5019 -0.03648
5020 -0.03715
5021 -0.03765
5022 -0.03881
5023 -0.03971
5024 -0.04057
5025 -0.04079
5026 -0.04061
5027 -0.03958
5028 -0.03791
5029 -0.03553
5030 -0.0336
5031 -0.03199
5032 -0.03091
5033 -0.03091
5034 -0.03001
5035 -0.02965
5036 -0.02983
5037 -0.03055
5038 -0.03091
5039 -0.03091
5040 -0.03037
5041 -0.02898
5042 -0.02871
5043 -0.02848
5044 -0.02857
5045 -0.02893
5046 -0.02853
5047 -0.02812
5048 -0.02808
5049 -0.02938
5050 -0.02951
5051 -0.02866
5052 -0.02803
5053 -0.02659
5054 -0.02556
5055 -0.02403
5056 -0.02318
5057 -0.02282
5058 -0.023	
5059 -0.02349
5060 -0.02444
5061 -0.02498
5062 -0.02552
5063 -0.02552
5064 -0.0248
5065 -0.02426
5066 -0.02269
5067 -0.02138
5068 -0.02116
5069 -0.02102
5070 -0.02008
5071 -0.01882
5072 -0.01743
5073 -0.01671
5074 -0.01563
5075 -0.01563
5076 -0.01563
5077 -0.015	
5078 -0.01478
5079 -0.01442
5080 -0.0142
5081 -0.01455
5082 -0.01527
5083 -0.01545
5084 -0.01563
5085 -0.01563
5086 -0.01595
5087 -0.01563
5088 -0.0159
5089 -0.01617
5090 -0.01581
5091 -0.01438
5092 -0.01222
5093 -0.01132
5094 -0.01092
5095 -0.01024
5096 -0.01006
5097 -0.01033
5098 -0.0097
5099 -0.00943
5100 -0.00822
5101 -0.00845
5102 -0.00818
5103 -0.0075
5104 -0.00746
5105 -0.0075
5106 -0.00791
5107 -0.0071
5108 -0.00701
5109 -0.00665
5110 -0.0053
5111 -0.00377
5112 -0.00252
5113 -0.00117
5114 -0.00072
5115 -0.00198
5116 -0.00247
5117 -0.00305
5118 -0.00296
5119 -0.00377
5120 -0.0044
5121 -0.00445
5122 -0.00382
5123 -0.0044
5124 -0.00449
5125 -0.00386
5126 -0.00359
5127 -0.00292
5128 -0.0035
5129 -0.00373
5130 -0.00296
5131 -0.00225
5132 -0.00198
5133 -0.00099
5134 -0.00072
5135 0.00031
5136 0.00198
5137 0.00373
5138 0.00395
5139 0.00449
5140 0.00431
5141 0.00467
5142 0.00404
5143 0.00301
5144 0.00292
5145 0.00301
5146 0.00305
5147 0.00243
5148 0.00252
5149 0.00279
5150 0.00216
5151 0.00126
5152 0.00054
5153 9e-05	
5154 0.00031
5155 0.00198
5156 0.00202
5157 0.00162
5158 0.00072
5159 0.0009	
5160 0.0009	
5161 0.00031
5162 -0.00045
5163 -0.00063
5164 -0.00018
5165 0.00031
5166 0.00072
5167 0.00126
5168 0.00243
5169 0.00225
5170 0.00261
5171 0.00359
5172 0.00431
5173 0.00602
5174 0.00665
5175 0.00647
5176 0.00728
5177 0.008	
5178 0.00809
5179 0.00737
5180 0.00746
5181 0.00701
5182 0.00746
5183 0.00786
5184 0.00791
5185 0.00827
5186 0.00907
5187 0.00894
5188 0.0097	
5189 0.01042
5190 0.0106	
5191 0.01132
5192 0.0106	
5193 0.01006
5194 0.00952
5195 0.00952
5196 0.01006
5197 0.00988
5198 0.00934
5199 0.00916
5200 0.00889
5201 0.00916
5202 0.01047
5203 0.01083
5204 0.01042
5205 0.01078
5206 0.01204
5207 0.01172
5208 0.01231
5209 0.01195
5210 0.01168
5211 0.01222
5212 0.01294
5213 0.01375
5214 0.01348
5215 0.01294
5216 0.01231
5217 0.01249
5218 0.01267
5219 0.01222
5220 0.01222
5221 0.0124	
5222 0.01132
5223 0.01096
5224 0.01006
5225 0.0097	
5226 0.00975
5227 0.00925
5228 0.00943
5229 0.0097	
5230 0.00912
5231 0.01006
5232 0.01042
5233 0.01105
5234 0.0111	
5235 0.01168
5236 0.01155
5237 0.0106	
5238 0.01024
5239 0.01065
5240 0.0106	
5241 0.00984
5242 0.01024
5243 0.00921
5244 0.00827
5245 0.00863
5246 0.00872
5247 0.0088	
5248 0.00827
5249 0.008	
5250 0.0088	
5251 0.00872
5252 0.01006
5253 0.01042
5254 0.01114
5255 0.0115	
5256 0.01137
5257 0.0115	
5258 0.01181
5259 0.01132
5260 0.01069
5261 0.00988
5262 0.00907
5263 0.00746
5264 0.00602
5265 0.00593
5266 0.00521
5267 0.00521
5268 0.00485
5269 0.00557
5270 0.00683
5271 0.00898
5272 0.01015
5273 0.01132
5274 0.01231
5275 0.01186
5276 0.01132
5277 0.0115	
5278 0.01042
5279 0.01006
5280 0.00898
5281 0.00737
5282 0.00669
5283 0.00683
5284 0.00669
5285 0.00606
5286 0.00548
5287 0.00593
5288 0.00647
5289 0.00669
5290 0.00773
5291 0.00854
5292 0.00988
5293 0.01078
5294 0.01033
5295 0.01002
5296 0.0088	
5297 0.0088	
5298 0.00916
5299 0.00957
5300 0.01105
5301 0.01159
5302 0.01213
5303 0.01231
5304 0.01114
5305 0.00988
5306 0.00863
5307 0.008	
5308 0.00566
5309 0.00418
5310 0.00382
5311 0.00305
5312 0.00377
5313 0.00539
5314 0.00629
5315 0.00818
5316 0.01168
5317 0.01698
5318 0.02219
5319 0.02713
5320 0.03109
5321 0.03437
5322 0.03576
5323 0.03783
5324 0.03989
5325 0.04052
5326 0.04115
5327 0.0416	
5328 0.042	
5329 0.0416	
5330 0.04106
5331 0.04057
5332 0.04106
5333 0.04151
5334 0.04331
5335 0.04366
5336 0.04393
5337 0.04443
5338 0.04537
5339 0.04672
5340 0.04632
5341 0.046	
5342 0.04497
5343 0.04501
5344 0.04389
5345 0.04349
5346 0.0434	
5347 0.04268
5348 0.04097
5349 0.04034
5350 0.03953
5351 0.03738
5352 0.03603
5353 0.03351
5354 0.03158
5355 0.02902
5356 0.02704
5357 0.02588
5358 0.02385
5359 0.02174
5360 0.01959
5361 0.01815
5362 0.01671
5363 0.01577
5364 0.01491
5365 0.01473
5366 0.01455
5367 0.0142	
5368 0.01393
5369 0.01455
5370 0.0146	
5371 0.01491
5372 0.01473
5373 0.01348
5374 0.01357
5375 0.01294
5376 0.01262
5377 0.01208
5378 0.01155
5379 0.0102	
5380 0.0097	
5381 0.00916
5382 0.00916
5383 0.00907
5384 0.00934
5385 0.00907
5386 0.0088	
5387 0.00934
5388 0.01024
5389 0.01006
5390 0.00979
5391 0.01042
5392 0.01047
5393 0.01047
5394 0.01069
5395 0.01051
5396 0.00898
5397 0.00737
5398 0.00683
5399 0.00678
5400 0.00737
5401 0.00719
5402 0.00683
5403 0.00602
5404 0.00575
5405 0.00602
5406 0.0062	
5407 0.00723
5408 0.00755
5409 0.00845
5410 0.00863
5411 0.00728
5412 0.00719
5413 0.00701
5414 0.00773
5415 0.00773
5416 0.00719
5417 0.00615
5418 0.00539
5419 0.00431
5420 0.00391
5421 0.00216
5422 0.00216
5423 0.00144
5424 0.00031
5425 -0.00013
5426 -0.00063
5427 -0.00207
5428 -0.00445
5429 -0.00665
5430 -0.00916
5431 -0.01321
5432 -0.02004
5433 -0.02983
5434 -0.04061
5435 -0.05364
5436 -0.06837
5437 -0.08463
5438 -0.09991
5439 -0.11312
5440 -0.12417
5441 -0.13405
5442 -0.14209
5443 -0.14447
5444 -0.14205
5445 -0.13598
5446 -0.12444
5447 -0.10755
5448 -0.08553
5449 -0.05948
5450 -0.03163
5451 -0.00544
5452 0.0221	
5453 0.05126
5454 0.08185
5455 0.11253
5456 0.14672
5457 0.18742
5458 0.23576
5459 0.292	
5460 0.35561
5461 0.42569
5462 0.49541
5463 0.561	
5464 0.6158	
5465 0.65785
5466 0.68471
5467 0.69001
5468 0.67456
5469 0.64177
5470 0.59675
5471 0.53889
5472 0.46989
5473 0.39559
5474 0.32362
5475 0.25858
5476 0.2035	
5477 0.15795
5478 0.12057
5479 0.08967
5480 0.0681	
5481 0.05319
5482 0.04313
5483 0.03558
5484 0.03055
5485 0.02727
5486 0.0243	
5487 0.0221	
5488 0.02048
5489 0.01995
5490 0.01833
5491 0.01447
5492 0.0097	
5493 0.00454
5494 0.00031
5495 -0.00279
5496 -0.00719
5497 -0.01078
5498 -0.01464
5499 -0.01694
5500 -0.01851
5501 -0.02017
5502 -0.02188
5503 -0.02228
5504 -0.02345
5505 -0.02498
5506 -0.02552
5507 -0.02606
5508 -0.02556
5509 -0.0248
5510 -0.02426
5511 -0.02363
5512 -0.0239
5513 -0.02399
5514 -0.02489
5515 -0.02453
5516 -0.02516
5517 -0.02579
5518 -0.02556
5519 -0.02615
5520 -0.02606
5521 -0.0265
5522 -0.02727
5523 -0.02821
5524 -0.02902
5525 -0.02978
5526 -0.031	
5527 -0.03127
5528 -0.03199
5529 -0.03176
5530 -0.03199
5531 -0.03163
5532 -0.03055
5533 -0.0296
5534 -0.02893
5535 -0.02713
5536 -0.02695
5537 -0.0265
5538 -0.0257
5539 -0.02632
5540 -0.02623
5541 -0.02623
5542 -0.02677
5543 -0.02695
5544 -0.02695
5545 -0.02677
5546 -0.0261
5547 -0.02588
5548 -0.02403
5549 -0.02354
5550 -0.02327
5551 -0.02269
5552 -0.0221
5553 -0.0212
5554 -0.01977
5555 -0.01833
5556 -0.01703
5557 -0.01608
5558 -0.01455
5559 -0.01325
5560 -0.01276
5561 -0.01231
5562 -0.01159
5563 -0.0111
5564 -0.01141
5565 -0.01222
5566 -0.01402
5567 -0.01505
5568 -0.01402
5569 -0.01168
5570 -0.01002
5571 -0.00863
5572 -0.00755
5573 -0.00737
5574 -0.00647
5575 -0.00539
5576 -0.00431
5577 -0.00386
5578 -0.00395
5579 -0.00341
5580 -0.00305
5581 -0.00243
5582 -0.0027
5583 -0.00323
5584 -0.00261
5585 -0.0018
5586 -0.00099
5587 -0.00126
5588 -0.00162
5589 -0.00162
5590 -0.00126
5591 -0.00027
5592 0.00031
5593 0.00171
5594 0.00265
5595 0.00368
5596 0.00395
5597 0.00422
5598 0.00521
5599 0.00521
5600 0.00575
5601 0.00584
5602 0.00656
5603 0.00683
5604 0.0075	
5605 0.00737
5606 0.00737
5607 0.00647
5608 0.00584
5609 0.00683
5610 0.00827
5611 0.00988
5612 0.01087
5613 0.01249
5614 0.01384
5615 0.01635
5616 0.01716
5617 0.0186	
5618 0.01923
5619 0.02013
5620 0.01995
5621 0.02013
5622 0.01986
5623 0.01905
5624 0.01959
5625 0.01995
5626 0.02039
5627 0.02066
5628 0.02161
5629 0.02201
5630 0.0221	
5631 0.02331
5632 0.02435
5633 0.02516
5634 0.02534
5635 0.02632
5636 0.02821
5637 0.03019
5638 0.03234
5639 0.0336	
5640 0.0345	
5641 0.03567
5642 0.03742
5643 0.03814
5644 0.03881
5645 0.03926
5646 0.0389	
5647 0.03872
5648 0.03989
5649 0.04142
5650 0.04196
5651 0.04277
5652 0.0442	
5653 0.04564
5654 0.04632
5655 0.04771
5656 0.04834
5657 0.04995
5658 0.05166
5659 0.05305
5660 0.05445
5661 0.05499
5662 0.05687
5663 0.05948
5664 0.0611	
5665 0.06289
5666 0.06487
5667 0.06658
5668 0.06864
5669 0.07134
5670 0.0743	
5671 0.07677
5672 0.07835
5673 0.08032
5674 0.08239
5675 0.08544
5676 0.08796
5677 0.08949
5678 0.09209
5679 0.09344
5680 0.09452
5681 0.09524
5682 0.0956	
5683 0.09587
5684 0.09667
5685 0.09807
5686 0.09973
5687 0.10144
5688 0.10377
5689 0.10458
5690 0.10638
5691 0.10817
5692 0.10957
5693 0.11087
5694 0.11267
5695 0.11356
5696 0.11478
5697 0.11613
5698 0.11761
5699 0.1186	
5700 0.11923
5701 0.11923
5702 0.11873
5703 0.1186	
5704 0.11932
5705 0.11914
5706 0.11994
5707 0.12075
5708 0.12201
5709 0.12206
5710 0.12147
5711 0.1221	
5712 0.12183
5713 0.12138
5714 0.12057
5715 0.11949
5716 0.11873
5717 0.11756
5718 0.1159	
5719 0.11339
5720 0.11222
5721 0.10889
5722 0.10584
5723 0.10278
5724 0.09883
5725 0.09434
5726 0.08985
5727 0.08553
5728 0.08032
5729 0.07655
5730 0.073	
5731 0.06837
5732 0.06307
5733 0.05894
5734 0.05449
5735 0.04915
5736 0.04358
5737 0.03949
5738 0.03482
5739 0.03091
5740 0.02615
5741 0.02129
5742 0.01721
5743 0.01244
5744 0.00845
5745 0.0044	
5746 0.00211
5747 -0.00126
5748 -0.00395
5749 -0.00584
5750 -0.00845
5751 -0.01006
5752 -0.01235
5753 -0.01438
5754 -0.01563
5755 -0.01725
5756 -0.01959
5757 -0.02282
5758 -0.02462
5759 -0.02749
5760 -0.03001
5761 -0.03284
5762 -0.03522
5763 -0.03738
5764 -0.03989
5765 -0.04232
5766 -0.04358
5767 -0.0451
5768 -0.04717
5769 -0.04762
5770 -0.04879
5771 -0.04906
5772 -0.04897
5773 -0.04915
5774 -0.04977
5775 -0.04977
5776 -0.0495
5777 -0.04973
5778 -0.05085
5779 -0.05103
5780 -0.05211
5781 -0.05301
5782 -0.05364
5783 -0.05391
5784 -0.05463
5785 -0.05543
5786 -0.05588
5787 -0.05687
5788 -0.05696
5789 -0.05624
5790 -0.05588
5791 -0.05606
5792 -0.05543
5793 -0.05508
5794 -0.05413
5795 -0.05332
5796 -0.05319
5797 -0.05202
5798 -0.05247
5799 -0.05337
5800 -0.05418
5801 -0.05508
5802 -0.05476
5803 -0.05552
5804 -0.05526
5805 -0.05534
5806 -0.0557
5807 -0.05436
5808 -0.05409
5809 -0.0535
5810 -0.05225
5811 -0.05211
5812 -0.05121
5813 -0.05022
5814 -0.04897
5815 -0.0478
5816 -0.04757
5817 -0.04852
5818 -0.04959
5819 -0.05022
5820 -0.05022
5821 -0.04959
5822 -0.0487
5823 -0.04924
5824 -0.04915
5825 -0.04852
5826 -0.04829
5827 -0.04789
5828 -0.04847
5829 -0.04834
5830 -0.04744
5831 -0.04798
5832 -0.04798
5833 -0.04717
5834 -0.04569
5835 -0.04411
5836 -0.04384
5837 -0.04304
5838 -0.04223
5839 -0.04169
5840 -0.04075
5841 -0.04079
5842 -0.04133
5843 -0.04155
5844 -0.04223
5845 -0.0425
5846 -0.04205
5847 -0.04169
5848 -0.04115
5849 -0.04106
5850 -0.03998
5851 -0.03944
5852 -0.03845
5853 -0.03738
5854 -0.03576
5855 -0.03441
5856 -0.0332
5857 -0.03306
5858 -0.03356
5859 -0.0345
5860 -0.03594
5861 -0.03702
5862 -0.03791
5863 -0.03827
5864 -0.03845
5865 -0.03917
5866 -0.03863
5867 -0.03872
5868 -0.03706
5869 -0.03553
5870 -0.03423
5871 -0.03378
5872 -0.03288
5873 -0.03252
5874 -0.03082
5875 -0.03055
5876 -0.02992
5877 -0.02947
5878 -0.02938
5879 -0.02947
5880 -0.0301
5881 -0.03019
5882 -0.03001
5883 -0.03109
5884 -0.03118
5885 -0.03154
5886 -0.03145
5887 -0.03145
5888 -0.03131
5889 -0.03037
5890 -0.02947
5891 -0.02812
5892 -0.02731
5893 -0.02668
5894 -0.02641
5895 -0.02632
5896 -0.02606
5897 -0.02534
5898 -0.0248
5899 -0.02471
5900 -0.02444
5901 -0.02471
5902 -0.02516
5903 -0.02543
5904 -0.02498
5905 -0.02516
5906 -0.02516
5907 -0.02606
5908 -0.0257
5909 -0.02534
5910 -0.02408
5911 -0.02273
5912 -0.02048
5913 -0.01887
5914 -0.01797
5915 -0.01698
5916 -0.0155
5917 -0.01438
5918 -0.01348
5919 -0.01276
5920 -0.01204
5921 -0.01204
5922 -0.0124
5923 -0.01339
5924 -0.01473
5925 -0.015	
5926 -0.01527
5927 -0.01536
5928 -0.01464
5929 -0.01447
5930 -0.01455
5931 -0.01469
5932 -0.01491
5933 -0.01455
5934 -0.01429
5935 -0.01384
5936 -0.0133
5937 -0.01298
5938 -0.01276
5939 -0.0115
5940 -0.01033
5941 -0.01042
5942 -0.01078
5943 -0.01024
5944 -0.00898
5945 -0.0088
5946 -0.0097
5947 -0.00943
5948 -0.00952
5949 -0.0111
5950 -0.01096
5951 -0.0115
5952 -0.0115
5953 -0.0097
5954 -0.0088
5955 -0.00773
5956 -0.00728
5957 -0.00737
5958 -0.00755
5959 -0.00728
5960 -0.00755
5961 -0.00768
5962 -0.00845
5963 -0.00845
5964 -0.00952
5965 -0.00966
5966 -0.00943
5967 -0.00952
5968 -0.00876
5969 -0.00863
5970 -0.00854
5971 -0.00827
5972 -0.00737
5973 -0.00728
5974 -0.00791
5975 -0.00809
5976 -0.00831
5977 -0.00791
5978 -0.00755
5979 -0.00746
5980 -0.00629
5981 -0.00647
5982 -0.00755
5983 -0.00827
5984 -0.00858
5985 -0.00809
5986 -0.00692
5987 -0.00629
5988 -0.00624
5989 -0.00611
5990 -0.00584
5991 -0.00494
5992 -0.00472
5993 -0.00521
5994 -0.00494
5995 -0.00485
5996 -0.00431
5997 -0.0044
5998 -0.00521
5999 -0.00557